0.000000000000000000e+00 1.000000000000000000e+00 1.499380836038689260e-03
0.000000000000000000e+00 3.000000000000000000e+00 1.461896315137721980e-03
0.000000000000000000e+00 4.000000000000000000e+00 1.538838226460760138e-03
0.000000000000000000e+00 5.000000000000000000e+00 1.426240307451436332e-03
0.000000000000000000e+00 6.000000000000000000e+00 1.949195086850296190e-03
0.000000000000000000e+00 7.000000000000000000e+00 1.392282204893068769e-03
0.000000000000000000e+00 9.000000000000000000e+00 1.461896315137721980e-03
0.000000000000000000e+00 1.500000000000000000e+01 1.771995533500269303e-03
0.000000000000000000e+00 1.600000000000000000e+01 1.461896315137721980e-03
0.000000000000000000e+00 1.800000000000000000e+01 1.426240307451436332e-03
0.000000000000000000e+00 1.900000000000000000e+01 1.771995533500269303e-03
0.000000000000000000e+00 2.000000000000000000e+01 1.949195086850296190e-03
0.000000000000000000e+00 2.100000000000000000e+01 2.249071254058034215e-03
0.000000000000000000e+00 2.200000000000000000e+01 1.827370393922152746e-03
0.000000000000000000e+00 2.400000000000000000e+01 1.771995533500269303e-03
0.000000000000000000e+00 2.500000000000000000e+01 2.249071254058034215e-03
0.000000000000000000e+00 2.600000000000000000e+01 2.016408710534789341e-03
0.000000000000000000e+00 3.000000000000000000e+01 1.538838226460760138e-03
0.000000000000000000e+00 3.100000000000000000e+01 1.538838226460760138e-03
0.000000000000000000e+00 3.200000000000000000e+01 1.624329239041913528e-03
0.000000000000000000e+00 3.300000000000000000e+01 1.670738645871682479e-03
0.000000000000000000e+00 3.500000000000000000e+01 1.392282204893068769e-03
1.000000000000000000e+00 0.000000000000000000e+00 1.499380836038689260e-03
1.000000000000000000e+00 2.000000000000000000e+00 1.538838226460760138e-03
1.000000000000000000e+00 3.000000000000000000e+00 1.670738645871682479e-03
1.000000000000000000e+00 7.000000000000000000e+00 2.016408710534789341e-03
1.000000000000000000e+00 8.000000000000000000e+00 1.827370393922152746e-03
1.000000000000000000e+00 9.000000000000000000e+00 2.016408710534789341e-03
1.000000000000000000e+00 1.000000000000000000e+01 1.538838226460760138e-03
1.000000000000000000e+00 1.100000000000000000e+01 1.426240307451436332e-03
1.000000000000000000e+00 1.200000000000000000e+01 1.771995533500269303e-03
1.000000000000000000e+00 1.300000000000000000e+01 1.827370393922152746e-03
1.000000000000000000e+00 1.400000000000000000e+01 1.499380836038689260e-03
1.000000000000000000e+00 1.500000000000000000e+01 1.624329239041913528e-03
1.000000000000000000e+00 1.600000000000000000e+01 1.499380836038689260e-03
1.000000000000000000e+00 1.700000000000000000e+01 1.949195086850296190e-03
1.000000000000000000e+00 1.800000000000000000e+01 1.949195086850296190e-03
1.000000000000000000e+00 2.100000000000000000e+01 1.499380836038689260e-03
1.000000000000000000e+00 2.200000000000000000e+01 1.886317825984157575e-03
1.000000000000000000e+00 2.300000000000000000e+01 1.538838226460760138e-03
1.000000000000000000e+00 2.400000000000000000e+01 1.719878017809084924e-03
1.000000000000000000e+00 2.500000000000000000e+01 1.580428448797537369e-03
1.000000000000000000e+00 2.600000000000000000e+01 1.624329239041913528e-03
1.000000000000000000e+00 2.700000000000000000e+01 1.719878017809084924e-03
1.000000000000000000e+00 2.800000000000000000e+01 1.670738645871682479e-03
1.000000000000000000e+00 2.900000000000000000e+01 1.538838226460760138e-03
1.000000000000000000e+00 3.000000000000000000e+01 1.771995533500269303e-03
1.000000000000000000e+00 3.100000000000000000e+01 2.016408710534789341e-03
1.000000000000000000e+00 3.200000000000000000e+01 2.165772318722551226e-03
1.000000000000000000e+00 3.300000000000000000e+01 2.249071254058034215e-03
1.000000000000000000e+00 3.400000000000000000e+01 1.426240307451436332e-03
1.000000000000000000e+00 3.500000000000000000e+01 1.771995533500269303e-03
2.000000000000000000e+00 1.000000000000000000e+00 1.538838226460760138e-03
2.000000000000000000e+00 3.000000000000000000e+00 1.886317825984157575e-03
2.000000000000000000e+00 8.000000000000000000e+00 2.088423307339603262e-03
2.000000000000000000e+00 9.000000000000000000e+00 3.077676452921520277e-03
2.000000000000000000e+00 1.000000000000000000e+01 2.249071254058034215e-03
2.000000000000000000e+00 1.100000000000000000e+01 2.165772318722551226e-03
2.000000000000000000e+00 1.200000000000000000e+01 2.016408710534789341e-03
2.000000000000000000e+00 1.300000000000000000e+01 2.088423307339603262e-03
2.000000000000000000e+00 1.400000000000000000e+01 2.016408710534789341e-03
2.000000000000000000e+00 1.700000000000000000e+01 1.949195086850296190e-03
2.000000000000000000e+00 1.800000000000000000e+01 1.827370393922152746e-03
2.000000000000000000e+00 2.300000000000000000e+01 1.719878017809084924e-03
2.000000000000000000e+00 2.400000000000000000e+01 1.538838226460760138e-03
2.000000000000000000e+00 2.700000000000000000e+01 1.461896315137721980e-03
2.000000000000000000e+00 2.800000000000000000e+01 1.426240307451436332e-03
2.000000000000000000e+00 2.900000000000000000e+01 1.827370393922152746e-03
2.000000000000000000e+00 3.000000000000000000e+01 1.580428448797537369e-03
2.000000000000000000e+00 3.100000000000000000e+01 2.165772318722551226e-03
2.000000000000000000e+00 3.200000000000000000e+01 1.771995533500269303e-03
2.000000000000000000e+00 3.300000000000000000e+01 1.461896315137721980e-03
2.000000000000000000e+00 3.400000000000000000e+01 1.580428448797537369e-03
2.000000000000000000e+00 3.500000000000000000e+01 1.426240307451436332e-03
3.000000000000000000e+00 0.000000000000000000e+00 1.461896315137721980e-03
3.000000000000000000e+00 1.000000000000000000e+00 1.670738645871682479e-03
3.000000000000000000e+00 2.000000000000000000e+00 1.886317825984157575e-03
3.000000000000000000e+00 4.000000000000000000e+00 1.461896315137721980e-03
3.000000000000000000e+00 7.000000000000000000e+00 1.949195086850296190e-03
3.000000000000000000e+00 8.000000000000000000e+00 1.771995533500269303e-03
3.000000000000000000e+00 9.000000000000000000e+00 2.657993300250403954e-03
3.000000000000000000e+00 1.000000000000000000e+01 2.016408710534789341e-03
3.000000000000000000e+00 1.100000000000000000e+01 1.719878017809084924e-03
3.000000000000000000e+00 1.200000000000000000e+01 2.923792630275443959e-03
3.000000000000000000e+00 1.300000000000000000e+01 2.339034104220355254e-03
3.000000000000000000e+00 1.400000000000000000e+01 2.249071254058034215e-03
3.000000000000000000e+00 1.500000000000000000e+01 1.771995533500269303e-03
3.000000000000000000e+00 1.600000000000000000e+01 1.719878017809084924e-03
3.000000000000000000e+00 1.700000000000000000e+01 2.542428374152560285e-03
3.000000000000000000e+00 1.800000000000000000e+01 2.542428374152560285e-03
3.000000000000000000e+00 1.900000000000000000e+01 1.670738645871682479e-03
3.000000000000000000e+00 2.000000000000000000e+01 1.719878017809084924e-03
3.000000000000000000e+00 2.100000000000000000e+01 1.461896315137721980e-03
3.000000000000000000e+00 2.200000000000000000e+01 1.624329239041913528e-03
3.000000000000000000e+00 2.300000000000000000e+01 2.784564409786137538e-03
3.000000000000000000e+00 2.400000000000000000e+01 1.670738645871682479e-03
3.000000000000000000e+00 2.500000000000000000e+01 1.827370393922152746e-03
3.000000000000000000e+00 2.600000000000000000e+01 2.016408710534789341e-03
3.000000000000000000e+00 2.700000000000000000e+01 2.016408710534789341e-03
3.000000000000000000e+00 2.800000000000000000e+01 1.949195086850296190e-03
3.000000000000000000e+00 2.900000000000000000e+01 2.339034104220355254e-03
3.000000000000000000e+00 3.000000000000000000e+01 2.436493858562870183e-03
3.000000000000000000e+00 3.100000000000000000e+01 2.923792630275443959e-03
3.000000000000000000e+00 3.200000000000000000e+01 2.657993300250403954e-03
3.000000000000000000e+00 3.300000000000000000e+01 2.339034104220355254e-03
3.000000000000000000e+00 3.400000000000000000e+01 1.827370393922152746e-03
3.000000000000000000e+00 3.500000000000000000e+01 2.657993300250403954e-03
4.000000000000000000e+00 0.000000000000000000e+00 1.538838226460760138e-03
4.000000000000000000e+00 3.000000000000000000e+00 1.461896315137721980e-03
4.000000000000000000e+00 6.000000000000000000e+00 1.392282204893068769e-03
4.000000000000000000e+00 7.000000000000000000e+00 1.624329239041913528e-03
4.000000000000000000e+00 1.900000000000000000e+01 1.670738645871682479e-03
4.000000000000000000e+00 2.000000000000000000e+01 1.624329239041913528e-03
4.000000000000000000e+00 2.100000000000000000e+01 1.538838226460760138e-03
4.000000000000000000e+00 2.200000000000000000e+01 1.624329239041913528e-03
4.000000000000000000e+00 2.400000000000000000e+01 1.426240307451436332e-03
4.000000000000000000e+00 2.500000000000000000e+01 1.538838226460760138e-03
4.000000000000000000e+00 2.600000000000000000e+01 1.771995533500269303e-03
4.000000000000000000e+00 3.500000000000000000e+01 1.538838226460760138e-03
5.000000000000000000e+00 0.000000000000000000e+00 1.426240307451436332e-03
5.000000000000000000e+00 6.000000000000000000e+00 1.580428448797537369e-03
5.000000000000000000e+00 1.500000000000000000e+01 1.538838226460760138e-03
5.000000000000000000e+00 1.800000000000000000e+01 1.392282204893068769e-03
5.000000000000000000e+00 2.100000000000000000e+01 2.016408710534789341e-03
5.000000000000000000e+00 2.400000000000000000e+01 1.392282204893068769e-03
5.000000000000000000e+00 2.500000000000000000e+01 1.499380836038689260e-03
5.000000000000000000e+00 2.600000000000000000e+01 1.624329239041913528e-03
5.000000000000000000e+00 3.200000000000000000e+01 1.499380836038689260e-03
5.000000000000000000e+00 3.300000000000000000e+01 1.392282204893068769e-03
6.000000000000000000e+00 0.000000000000000000e+00 1.949195086850296190e-03
6.000000000000000000e+00 4.000000000000000000e+00 1.392282204893068769e-03
6.000000000000000000e+00 5.000000000000000000e+00 1.580428448797537369e-03
6.000000000000000000e+00 1.500000000000000000e+01 1.771995533500269303e-03
6.000000000000000000e+00 1.600000000000000000e+01 1.538838226460760138e-03
6.000000000000000000e+00 1.800000000000000000e+01 1.426240307451436332e-03
6.000000000000000000e+00 1.900000000000000000e+01 1.426240307451436332e-03
6.000000000000000000e+00 2.000000000000000000e+01 1.719878017809084924e-03
6.000000000000000000e+00 2.100000000000000000e+01 1.461896315137721980e-03
6.000000000000000000e+00 2.200000000000000000e+01 1.538838226460760138e-03
6.000000000000000000e+00 2.400000000000000000e+01 1.580428448797537369e-03
6.000000000000000000e+00 2.500000000000000000e+01 1.827370393922152746e-03
6.000000000000000000e+00 2.600000000000000000e+01 1.886317825984157575e-03
6.000000000000000000e+00 3.000000000000000000e+01 1.719878017809084924e-03
6.000000000000000000e+00 3.100000000000000000e+01 1.461896315137721980e-03
6.000000000000000000e+00 3.300000000000000000e+01 1.499380836038689260e-03
7.000000000000000000e+00 0.000000000000000000e+00 1.392282204893068769e-03
7.000000000000000000e+00 1.000000000000000000e+00 2.016408710534789341e-03
7.000000000000000000e+00 3.000000000000000000e+00 1.949195086850296190e-03
7.000000000000000000e+00 4.000000000000000000e+00 1.624329239041913528e-03
7.000000000000000000e+00 9.000000000000000000e+00 1.624329239041913528e-03
7.000000000000000000e+00 1.000000000000000000e+01 1.426240307451436332e-03
7.000000000000000000e+00 1.200000000000000000e+01 2.088423307339603262e-03
7.000000000000000000e+00 1.300000000000000000e+01 1.670738645871682479e-03
7.000000000000000000e+00 1.500000000000000000e+01 1.670738645871682479e-03
7.000000000000000000e+00 1.600000000000000000e+01 1.538838226460760138e-03
7.000000000000000000e+00 1.700000000000000000e+01 1.670738645871682479e-03
7.000000000000000000e+00 1.800000000000000000e+01 1.580428448797537369e-03
7.000000000000000000e+00 1.900000000000000000e+01 1.670738645871682479e-03
7.000000000000000000e+00 2.000000000000000000e+01 1.719878017809084924e-03
7.000000000000000000e+00 2.100000000000000000e+01 1.538838226460760138e-03
7.000000000000000000e+00 2.200000000000000000e+01 2.088423307339603262e-03
7.000000000000000000e+00 2.300000000000000000e+01 1.499380836038689260e-03
7.000000000000000000e+00 2.400000000000000000e+01 1.670738645871682479e-03
7.000000000000000000e+00 2.500000000000000000e+01 1.624329239041913528e-03
7.000000000000000000e+00 2.600000000000000000e+01 1.771995533500269303e-03
7.000000000000000000e+00 2.800000000000000000e+01 1.461896315137721980e-03
7.000000000000000000e+00 2.900000000000000000e+01 1.670738645871682479e-03
7.000000000000000000e+00 3.000000000000000000e+01 1.624329239041913528e-03
7.000000000000000000e+00 3.100000000000000000e+01 1.538838226460760138e-03
7.000000000000000000e+00 3.200000000000000000e+01 1.719878017809084924e-03
7.000000000000000000e+00 3.300000000000000000e+01 2.016408710534789341e-03
7.000000000000000000e+00 3.500000000000000000e+01 2.436493858562870183e-03
8.000000000000000000e+00 1.000000000000000000e+00 1.827370393922152746e-03
8.000000000000000000e+00 2.000000000000000000e+00 2.088423307339603262e-03
8.000000000000000000e+00 3.000000000000000000e+00 1.771995533500269303e-03
8.000000000000000000e+00 9.000000000000000000e+00 2.542428374152560285e-03
8.000000000000000000e+00 1.000000000000000000e+01 2.657993300250403954e-03
8.000000000000000000e+00 1.100000000000000000e+01 1.886317825984157575e-03
8.000000000000000000e+00 1.200000000000000000e+01 1.886317825984157575e-03
8.000000000000000000e+00 1.300000000000000000e+01 2.088423307339603262e-03
8.000000000000000000e+00 1.400000000000000000e+01 1.886317825984157575e-03
8.000000000000000000e+00 1.500000000000000000e+01 1.461896315137721980e-03
8.000000000000000000e+00 1.600000000000000000e+01 1.499380836038689260e-03
8.000000000000000000e+00 1.700000000000000000e+01 2.657993300250403954e-03
8.000000000000000000e+00 1.800000000000000000e+01 2.088423307339603262e-03
8.000000000000000000e+00 2.300000000000000000e+01 1.719878017809084924e-03
8.000000000000000000e+00 2.400000000000000000e+01 1.538838226460760138e-03
8.000000000000000000e+00 2.700000000000000000e+01 1.827370393922152746e-03
8.000000000000000000e+00 2.800000000000000000e+01 1.499380836038689260e-03
8.000000000000000000e+00 2.900000000000000000e+01 2.249071254058034215e-03
8.000000000000000000e+00 3.000000000000000000e+01 1.771995533500269303e-03
8.000000000000000000e+00 3.100000000000000000e+01 2.339034104220355254e-03
8.000000000000000000e+00 3.200000000000000000e+01 1.670738645871682479e-03
8.000000000000000000e+00 3.300000000000000000e+01 1.719878017809084924e-03
8.000000000000000000e+00 3.400000000000000000e+01 1.771995533500269303e-03
9.000000000000000000e+00 0.000000000000000000e+00 1.461896315137721980e-03
9.000000000000000000e+00 1.000000000000000000e+00 2.016408710534789341e-03
9.000000000000000000e+00 2.000000000000000000e+00 3.077676452921520277e-03
9.000000000000000000e+00 3.000000000000000000e+00 2.657993300250403954e-03
9.000000000000000000e+00 7.000000000000000000e+00 1.624329239041913528e-03
9.000000000000000000e+00 8.000000000000000000e+00 2.542428374152560285e-03
9.000000000000000000e+00 1.000000000000000000e+01 2.784564409786137538e-03
9.000000000000000000e+00 1.100000000000000000e+01 2.249071254058034215e-03
9.000000000000000000e+00 1.200000000000000000e+01 2.249071254058034215e-03
9.000000000000000000e+00 1.300000000000000000e+01 2.339034104220355254e-03
9.000000000000000000e+00 1.400000000000000000e+01 2.657993300250403954e-03
9.000000000000000000e+00 1.500000000000000000e+01 1.670738645871682479e-03
9.000000000000000000e+00 1.600000000000000000e+01 1.392282204893068769e-03
9.000000000000000000e+00 1.700000000000000000e+01 2.784564409786137538e-03
9.000000000000000000e+00 1.800000000000000000e+01 2.542428374152560285e-03
9.000000000000000000e+00 2.200000000000000000e+01 1.392282204893068769e-03
9.000000000000000000e+00 2.300000000000000000e+01 2.339034104220355254e-03
9.000000000000000000e+00 2.400000000000000000e+01 1.580428448797537369e-03
9.000000000000000000e+00 2.500000000000000000e+01 1.538838226460760138e-03
9.000000000000000000e+00 2.600000000000000000e+01 1.499380836038689260e-03
9.000000000000000000e+00 2.700000000000000000e+01 2.016408710534789341e-03
9.000000000000000000e+00 2.800000000000000000e+01 1.949195086850296190e-03
9.000000000000000000e+00 2.900000000000000000e+01 2.339034104220355254e-03
9.000000000000000000e+00 3.000000000000000000e+01 1.949195086850296190e-03
9.000000000000000000e+00 3.100000000000000000e+01 3.248658478083827055e-03
9.000000000000000000e+00 3.200000000000000000e+01 2.657993300250403954e-03
9.000000000000000000e+00 3.300000000000000000e+01 1.886317825984157575e-03
9.000000000000000000e+00 3.400000000000000000e+01 1.949195086850296190e-03
9.000000000000000000e+00 3.500000000000000000e+01 1.827370393922152746e-03
1.000000000000000000e+01 1.000000000000000000e+00 1.538838226460760138e-03
1.000000000000000000e+01 2.000000000000000000e+00 2.249071254058034215e-03
1.000000000000000000e+01 3.000000000000000000e+00 2.016408710534789341e-03
1.000000000000000000e+01 7.000000000000000000e+00 1.426240307451436332e-03
1.000000000000000000e+01 8.000000000000000000e+00 2.657993300250403954e-03
1.000000000000000000e+01 9.000000000000000000e+00 2.784564409786137538e-03
1.000000000000000000e+01 1.100000000000000000e+01 2.165772318722551226e-03
1.000000000000000000e+01 1.200000000000000000e+01 2.165772318722551226e-03
1.000000000000000000e+01 1.300000000000000000e+01 2.339034104220355254e-03
1.000000000000000000e+01 1.400000000000000000e+01 2.542428374152560285e-03
1.000000000000000000e+01 1.500000000000000000e+01 1.461896315137721980e-03
1.000000000000000000e+01 1.600000000000000000e+01 1.670738645871682479e-03
1.000000000000000000e+01 1.700000000000000000e+01 2.436493858562870183e-03
1.000000000000000000e+01 1.800000000000000000e+01 1.949195086850296190e-03
1.000000000000000000e+01 2.300000000000000000e+01 2.016408710534789341e-03
1.000000000000000000e+01 2.400000000000000000e+01 1.827370393922152746e-03
1.000000000000000000e+01 2.700000000000000000e+01 1.719878017809084924e-03
1.000000000000000000e+01 2.800000000000000000e+01 1.499380836038689260e-03
1.000000000000000000e+01 2.900000000000000000e+01 2.657993300250403954e-03
1.000000000000000000e+01 3.000000000000000000e+01 1.886317825984157575e-03
1.000000000000000000e+01 3.100000000000000000e+01 2.542428374152560285e-03
1.000000000000000000e+01 3.200000000000000000e+01 1.771995533500269303e-03
1.000000000000000000e+01 3.300000000000000000e+01 1.949195086850296190e-03
1.000000000000000000e+01 3.400000000000000000e+01 1.886317825984157575e-03
1.000000000000000000e+01 3.500000000000000000e+01 1.426240307451436332e-03
1.100000000000000000e+01 1.000000000000000000e+00 1.426240307451436332e-03
1.100000000000000000e+01 2.000000000000000000e+00 2.165772318722551226e-03
1.100000000000000000e+01 3.000000000000000000e+00 1.719878017809084924e-03
1.100000000000000000e+01 8.000000000000000000e+00 1.886317825984157575e-03
1.100000000000000000e+01 9.000000000000000000e+00 2.249071254058034215e-03
1.100000000000000000e+01 1.000000000000000000e+01 2.165772318722551226e-03
1.100000000000000000e+01 1.200000000000000000e+01 1.719878017809084924e-03
1.100000000000000000e+01 1.300000000000000000e+01 1.670738645871682479e-03
1.100000000000000000e+01 1.400000000000000000e+01 1.827370393922152746e-03
1.100000000000000000e+01 1.700000000000000000e+01 2.165772318722551226e-03
1.100000000000000000e+01 1.800000000000000000e+01 1.670738645871682479e-03
1.100000000000000000e+01 2.300000000000000000e+01 1.670738645871682479e-03
1.100000000000000000e+01 2.400000000000000000e+01 1.426240307451436332e-03
1.100000000000000000e+01 2.700000000000000000e+01 1.580428448797537369e-03
1.100000000000000000e+01 2.800000000000000000e+01 1.392282204893068769e-03
1.100000000000000000e+01 2.900000000000000000e+01 2.016408710534789341e-03
1.100000000000000000e+01 3.000000000000000000e+01 1.538838226460760138e-03
1.100000000000000000e+01 3.100000000000000000e+01 1.827370393922152746e-03
1.100000000000000000e+01 3.200000000000000000e+01 1.538838226460760138e-03
1.100000000000000000e+01 3.300000000000000000e+01 1.426240307451436332e-03
1.100000000000000000e+01 3.400000000000000000e+01 1.538838226460760138e-03
1.200000000000000000e+01 1.000000000000000000e+00 1.771995533500269303e-03
1.200000000000000000e+01 2.000000000000000000e+00 2.016408710534789341e-03
1.200000000000000000e+01 3.000000000000000000e+00 2.923792630275443959e-03
1.200000000000000000e+01 7.000000000000000000e+00 2.088423307339603262e-03
1.200000000000000000e+01 8.000000000000000000e+00 1.886317825984157575e-03
1.200000000000000000e+01 9.000000000000000000e+00 2.249071254058034215e-03
1.200000000000000000e+01 1.000000000000000000e+01 2.165772318722551226e-03
1.200000000000000000e+01 1.100000000000000000e+01 1.719878017809084924e-03
1.200000000000000000e+01 1.300000000000000000e+01 2.784564409786137538e-03
1.200000000000000000e+01 1.400000000000000000e+01 1.827370393922152746e-03
1.200000000000000000e+01 1.500000000000000000e+01 1.580428448797537369e-03
1.200000000000000000e+01 1.600000000000000000e+01 1.538838226460760138e-03
1.200000000000000000e+01 1.700000000000000000e+01 2.165772318722551226e-03
1.200000000000000000e+01 1.800000000000000000e+01 2.016408710534789341e-03
1.200000000000000000e+01 2.000000000000000000e+01 1.461896315137721980e-03
1.200000000000000000e+01 2.200000000000000000e+01 1.392282204893068769e-03
1.200000000000000000e+01 2.300000000000000000e+01 2.339034104220355254e-03
1.200000000000000000e+01 2.400000000000000000e+01 1.426240307451436332e-03
1.200000000000000000e+01 2.500000000000000000e+01 1.392282204893068769e-03
1.200000000000000000e+01 2.600000000000000000e+01 1.499380836038689260e-03
1.200000000000000000e+01 2.700000000000000000e+01 2.016408710534789341e-03
1.200000000000000000e+01 2.800000000000000000e+01 2.088423307339603262e-03
1.200000000000000000e+01 2.900000000000000000e+01 2.165772318722551226e-03
1.200000000000000000e+01 3.000000000000000000e+01 1.827370393922152746e-03
1.200000000000000000e+01 3.100000000000000000e+01 2.436493858562870183e-03
1.200000000000000000e+01 3.200000000000000000e+01 2.088423307339603262e-03
1.200000000000000000e+01 3.300000000000000000e+01 1.771995533500269303e-03
1.200000000000000000e+01 3.400000000000000000e+01 1.719878017809084924e-03
1.200000000000000000e+01 3.500000000000000000e+01 2.923792630275443959e-03
1.300000000000000000e+01 1.000000000000000000e+00 1.827370393922152746e-03
1.300000000000000000e+01 2.000000000000000000e+00 2.088423307339603262e-03
1.300000000000000000e+01 3.000000000000000000e+00 2.339034104220355254e-03
1.300000000000000000e+01 7.000000000000000000e+00 1.670738645871682479e-03
1.300000000000000000e+01 8.000000000000000000e+00 2.088423307339603262e-03
1.300000000000000000e+01 9.000000000000000000e+00 2.339034104220355254e-03
1.300000000000000000e+01 1.000000000000000000e+01 2.339034104220355254e-03
1.300000000000000000e+01 1.100000000000000000e+01 1.670738645871682479e-03
1.300000000000000000e+01 1.200000000000000000e+01 2.784564409786137538e-03
1.300000000000000000e+01 1.400000000000000000e+01 2.165772318722551226e-03
1.300000000000000000e+01 1.500000000000000000e+01 1.461896315137721980e-03
1.300000000000000000e+01 1.600000000000000000e+01 1.499380836038689260e-03
1.300000000000000000e+01 1.700000000000000000e+01 2.249071254058034215e-03
1.300000000000000000e+01 1.800000000000000000e+01 2.436493858562870183e-03
1.300000000000000000e+01 2.200000000000000000e+01 1.426240307451436332e-03
1.300000000000000000e+01 2.300000000000000000e+01 2.923792630275443959e-03
1.300000000000000000e+01 2.400000000000000000e+01 1.461896315137721980e-03
1.300000000000000000e+01 2.500000000000000000e+01 1.426240307451436332e-03
1.300000000000000000e+01 2.600000000000000000e+01 1.624329239041913528e-03
1.300000000000000000e+01 2.700000000000000000e+01 1.827370393922152746e-03
1.300000000000000000e+01 2.800000000000000000e+01 1.670738645871682479e-03
1.300000000000000000e+01 2.900000000000000000e+01 1.949195086850296190e-03
1.300000000000000000e+01 3.000000000000000000e+01 1.886317825984157575e-03
1.300000000000000000e+01 3.100000000000000000e+01 3.439756035618169849e-03
1.300000000000000000e+01 3.200000000000000000e+01 1.886317825984157575e-03
1.300000000000000000e+01 3.300000000000000000e+01 1.827370393922152746e-03
1.300000000000000000e+01 3.400000000000000000e+01 1.670738645871682479e-03
1.300000000000000000e+01 3.500000000000000000e+01 1.886317825984157575e-03
1.400000000000000000e+01 1.000000000000000000e+00 1.499380836038689260e-03
1.400000000000000000e+01 2.000000000000000000e+00 2.016408710534789341e-03
1.400000000000000000e+01 3.000000000000000000e+00 2.249071254058034215e-03
1.400000000000000000e+01 8.000000000000000000e+00 1.886317825984157575e-03
1.400000000000000000e+01 9.000000000000000000e+00 2.657993300250403954e-03
1.400000000000000000e+01 1.000000000000000000e+01 2.542428374152560285e-03
1.400000000000000000e+01 1.100000000000000000e+01 1.827370393922152746e-03
1.400000000000000000e+01 1.200000000000000000e+01 1.827370393922152746e-03
1.400000000000000000e+01 1.300000000000000000e+01 2.165772318722551226e-03
1.400000000000000000e+01 1.500000000000000000e+01 1.426240307451436332e-03
1.400000000000000000e+01 1.600000000000000000e+01 1.461896315137721980e-03
1.400000000000000000e+01 1.700000000000000000e+01 2.339034104220355254e-03
1.400000000000000000e+01 1.800000000000000000e+01 2.339034104220355254e-03
1.400000000000000000e+01 2.300000000000000000e+01 2.016408710534789341e-03
1.400000000000000000e+01 2.400000000000000000e+01 1.499380836038689260e-03
1.400000000000000000e+01 2.500000000000000000e+01 1.461896315137721980e-03
1.400000000000000000e+01 2.700000000000000000e+01 1.670738645871682479e-03
1.400000000000000000e+01 2.800000000000000000e+01 1.461896315137721980e-03
1.400000000000000000e+01 2.900000000000000000e+01 1.886317825984157575e-03
1.400000000000000000e+01 3.000000000000000000e+01 1.827370393922152746e-03
1.400000000000000000e+01 3.100000000000000000e+01 3.248658478083827055e-03
1.400000000000000000e+01 3.200000000000000000e+01 1.827370393922152746e-03
1.400000000000000000e+01 3.300000000000000000e+01 1.580428448797537369e-03
1.400000000000000000e+01 3.400000000000000000e+01 1.624329239041913528e-03
1.400000000000000000e+01 3.500000000000000000e+01 1.461896315137721980e-03
1.500000000000000000e+01 0.000000000000000000e+00 1.771995533500269303e-03
1.500000000000000000e+01 1.000000000000000000e+00 1.624329239041913528e-03
1.500000000000000000e+01 3.000000000000000000e+00 1.771995533500269303e-03
1.500000000000000000e+01 5.000000000000000000e+00 1.538838226460760138e-03
1.500000000000000000e+01 6.000000000000000000e+00 1.771995533500269303e-03
1.500000000000000000e+01 7.000000000000000000e+00 1.670738645871682479e-03
1.500000000000000000e+01 8.000000000000000000e+00 1.461896315137721980e-03
1.500000000000000000e+01 9.000000000000000000e+00 1.670738645871682479e-03
1.500000000000000000e+01 1.000000000000000000e+01 1.461896315137721980e-03
1.500000000000000000e+01 1.200000000000000000e+01 1.580428448797537369e-03
1.500000000000000000e+01 1.300000000000000000e+01 1.461896315137721980e-03
1.500000000000000000e+01 1.400000000000000000e+01 1.426240307451436332e-03
1.500000000000000000e+01 1.600000000000000000e+01 2.339034104220355254e-03
1.500000000000000000e+01 1.700000000000000000e+01 2.088423307339603262e-03
1.500000000000000000e+01 1.800000000000000000e+01 2.249071254058034215e-03
1.500000000000000000e+01 1.900000000000000000e+01 1.538838226460760138e-03
1.500000000000000000e+01 2.000000000000000000e+01 2.165772318722551226e-03
1.500000000000000000e+01 2.100000000000000000e+01 1.886317825984157575e-03
1.500000000000000000e+01 2.200000000000000000e+01 1.886317825984157575e-03
1.500000000000000000e+01 2.400000000000000000e+01 2.088423307339603262e-03
1.500000000000000000e+01 2.500000000000000000e+01 1.670738645871682479e-03
1.500000000000000000e+01 2.600000000000000000e+01 1.827370393922152746e-03
1.500000000000000000e+01 2.700000000000000000e+01 1.719878017809084924e-03
1.500000000000000000e+01 2.800000000000000000e+01 1.670738645871682479e-03
1.500000000000000000e+01 2.900000000000000000e+01 1.827370393922152746e-03
1.500000000000000000e+01 3.000000000000000000e+01 2.339034104220355254e-03
1.500000000000000000e+01 3.100000000000000000e+01 1.886317825984157575e-03
1.500000000000000000e+01 3.200000000000000000e+01 2.016408710534789341e-03
1.500000000000000000e+01 3.300000000000000000e+01 1.949195086850296190e-03
1.500000000000000000e+01 3.500000000000000000e+01 1.886317825984157575e-03
1.600000000000000000e+01 0.000000000000000000e+00 1.461896315137721980e-03
1.600000000000000000e+01 1.000000000000000000e+00 1.499380836038689260e-03
1.600000000000000000e+01 3.000000000000000000e+00 1.719878017809084924e-03
1.600000000000000000e+01 6.000000000000000000e+00 1.538838226460760138e-03
1.600000000000000000e+01 7.000000000000000000e+00 1.538838226460760138e-03
1.600000000000000000e+01 8.000000000000000000e+00 1.499380836038689260e-03
1.600000000000000000e+01 9.000000000000000000e+00 1.392282204893068769e-03
1.600000000000000000e+01 1.000000000000000000e+01 1.670738645871682479e-03
1.600000000000000000e+01 1.200000000000000000e+01 1.538838226460760138e-03
1.600000000000000000e+01 1.300000000000000000e+01 1.499380836038689260e-03
1.600000000000000000e+01 1.400000000000000000e+01 1.461896315137721980e-03
1.600000000000000000e+01 1.500000000000000000e+01 2.339034104220355254e-03
1.600000000000000000e+01 1.700000000000000000e+01 2.165772318722551226e-03
1.600000000000000000e+01 1.800000000000000000e+01 2.016408710534789341e-03
1.600000000000000000e+01 2.000000000000000000e+01 1.538838226460760138e-03
1.600000000000000000e+01 2.100000000000000000e+01 1.461896315137721980e-03
1.600000000000000000e+01 2.200000000000000000e+01 1.461896315137721980e-03
1.600000000000000000e+01 2.400000000000000000e+01 2.542428374152560285e-03
1.600000000000000000e+01 2.500000000000000000e+01 1.949195086850296190e-03
1.600000000000000000e+01 2.600000000000000000e+01 1.886317825984157575e-03
1.600000000000000000e+01 2.700000000000000000e+01 1.499380836038689260e-03
1.600000000000000000e+01 2.900000000000000000e+01 1.886317825984157575e-03
1.600000000000000000e+01 3.000000000000000000e+01 2.249071254058034215e-03
1.600000000000000000e+01 3.100000000000000000e+01 1.827370393922152746e-03
1.600000000000000000e+01 3.200000000000000000e+01 1.827370393922152746e-03
1.600000000000000000e+01 3.300000000000000000e+01 1.886317825984157575e-03
1.600000000000000000e+01 3.400000000000000000e+01 1.392282204893068769e-03
1.600000000000000000e+01 3.500000000000000000e+01 1.719878017809084924e-03
1.700000000000000000e+01 1.000000000000000000e+00 1.949195086850296190e-03
1.700000000000000000e+01 2.000000000000000000e+00 1.949195086850296190e-03
1.700000000000000000e+01 3.000000000000000000e+00 2.542428374152560285e-03
1.700000000000000000e+01 7.000000000000000000e+00 1.670738645871682479e-03
1.700000000000000000e+01 8.000000000000000000e+00 2.657993300250403954e-03
1.700000000000000000e+01 9.000000000000000000e+00 2.784564409786137538e-03
1.700000000000000000e+01 1.000000000000000000e+01 2.436493858562870183e-03
1.700000000000000000e+01 1.100000000000000000e+01 2.165772318722551226e-03
1.700000000000000000e+01 1.200000000000000000e+01 2.165772318722551226e-03
1.700000000000000000e+01 1.300000000000000000e+01 2.249071254058034215e-03
1.700000000000000000e+01 1.400000000000000000e+01 2.339034104220355254e-03
1.700000000000000000e+01 1.500000000000000000e+01 2.088423307339603262e-03
1.700000000000000000e+01 1.600000000000000000e+01 2.165772318722551226e-03
1.700000000000000000e+01 1.800000000000000000e+01 3.248658478083827055e-03
1.700000000000000000e+01 2.200000000000000000e+01 1.426240307451436332e-03
1.700000000000000000e+01 2.300000000000000000e+01 2.088423307339603262e-03
1.700000000000000000e+01 2.400000000000000000e+01 1.827370393922152746e-03
1.700000000000000000e+01 2.500000000000000000e+01 1.499380836038689260e-03
1.700000000000000000e+01 2.600000000000000000e+01 1.624329239041913528e-03
1.700000000000000000e+01 2.700000000000000000e+01 2.657993300250403954e-03
1.700000000000000000e+01 2.800000000000000000e+01 1.886317825984157575e-03
1.700000000000000000e+01 2.900000000000000000e+01 2.657993300250403954e-03
1.700000000000000000e+01 3.000000000000000000e+01 2.339034104220355254e-03
1.700000000000000000e+01 3.100000000000000000e+01 3.077676452921520277e-03
1.700000000000000000e+01 3.200000000000000000e+01 2.339034104220355254e-03
1.700000000000000000e+01 3.300000000000000000e+01 2.088423307339603262e-03
1.700000000000000000e+01 3.400000000000000000e+01 1.886317825984157575e-03
1.700000000000000000e+01 3.500000000000000000e+01 1.886317825984157575e-03
1.800000000000000000e+01 0.000000000000000000e+00 1.426240307451436332e-03
1.800000000000000000e+01 1.000000000000000000e+00 1.949195086850296190e-03
1.800000000000000000e+01 2.000000000000000000e+00 1.827370393922152746e-03
1.800000000000000000e+01 3.000000000000000000e+00 2.542428374152560285e-03
1.800000000000000000e+01 5.000000000000000000e+00 1.392282204893068769e-03
1.800000000000000000e+01 6.000000000000000000e+00 1.426240307451436332e-03
1.800000000000000000e+01 7.000000000000000000e+00 1.580428448797537369e-03
1.800000000000000000e+01 8.000000000000000000e+00 2.088423307339603262e-03
1.800000000000000000e+01 9.000000000000000000e+00 2.542428374152560285e-03
1.800000000000000000e+01 1.000000000000000000e+01 1.949195086850296190e-03
1.800000000000000000e+01 1.100000000000000000e+01 1.670738645871682479e-03
1.800000000000000000e+01 1.200000000000000000e+01 2.016408710534789341e-03
1.800000000000000000e+01 1.300000000000000000e+01 2.436493858562870183e-03
1.800000000000000000e+01 1.400000000000000000e+01 2.339034104220355254e-03
1.800000000000000000e+01 1.500000000000000000e+01 2.249071254058034215e-03
1.800000000000000000e+01 1.600000000000000000e+01 2.016408710534789341e-03
1.800000000000000000e+01 1.700000000000000000e+01 3.248658478083827055e-03
1.800000000000000000e+01 2.000000000000000000e+01 1.499380836038689260e-03
1.800000000000000000e+01 2.100000000000000000e+01 1.426240307451436332e-03
1.800000000000000000e+01 2.200000000000000000e+01 1.670738645871682479e-03
1.800000000000000000e+01 2.300000000000000000e+01 1.949195086850296190e-03
1.800000000000000000e+01 2.400000000000000000e+01 1.949195086850296190e-03
1.800000000000000000e+01 2.500000000000000000e+01 1.771995533500269303e-03
1.800000000000000000e+01 2.600000000000000000e+01 1.827370393922152746e-03
1.800000000000000000e+01 2.700000000000000000e+01 2.249071254058034215e-03
1.800000000000000000e+01 2.800000000000000000e+01 1.886317825984157575e-03
1.800000000000000000e+01 2.900000000000000000e+01 2.436493858562870183e-03
1.800000000000000000e+01 3.000000000000000000e+01 3.077676452921520277e-03
1.800000000000000000e+01 3.100000000000000000e+01 4.498142508116068430e-03
1.800000000000000000e+01 3.200000000000000000e+01 2.784564409786137538e-03
1.800000000000000000e+01 3.300000000000000000e+01 2.436493858562870183e-03
1.800000000000000000e+01 3.400000000000000000e+01 1.886317825984157575e-03
1.800000000000000000e+01 3.500000000000000000e+01 1.886317825984157575e-03
1.900000000000000000e+01 0.000000000000000000e+00 1.771995533500269303e-03
1.900000000000000000e+01 3.000000000000000000e+00 1.670738645871682479e-03
1.900000000000000000e+01 4.000000000000000000e+00 1.670738645871682479e-03
1.900000000000000000e+01 6.000000000000000000e+00 1.426240307451436332e-03
1.900000000000000000e+01 7.000000000000000000e+00 1.670738645871682479e-03
1.900000000000000000e+01 1.500000000000000000e+01 1.538838226460760138e-03
1.900000000000000000e+01 2.000000000000000000e+01 2.784564409786137538e-03
1.900000000000000000e+01 2.100000000000000000e+01 1.771995533500269303e-03
1.900000000000000000e+01 2.200000000000000000e+01 1.886317825984157575e-03
1.900000000000000000e+01 2.400000000000000000e+01 1.624329239041913528e-03
1.900000000000000000e+01 2.500000000000000000e+01 2.016408710534789341e-03
1.900000000000000000e+01 2.600000000000000000e+01 2.249071254058034215e-03
1.900000000000000000e+01 3.500000000000000000e+01 1.580428448797537369e-03
2.000000000000000000e+01 0.000000000000000000e+00 1.949195086850296190e-03
2.000000000000000000e+01 3.000000000000000000e+00 1.719878017809084924e-03
2.000000000000000000e+01 4.000000000000000000e+00 1.624329239041913528e-03
2.000000000000000000e+01 6.000000000000000000e+00 1.719878017809084924e-03
2.000000000000000000e+01 7.000000000000000000e+00 1.719878017809084924e-03
2.000000000000000000e+01 1.200000000000000000e+01 1.461896315137721980e-03
2.000000000000000000e+01 1.500000000000000000e+01 2.165772318722551226e-03
2.000000000000000000e+01 1.600000000000000000e+01 1.538838226460760138e-03
2.000000000000000000e+01 1.800000000000000000e+01 1.499380836038689260e-03
2.000000000000000000e+01 1.900000000000000000e+01 2.784564409786137538e-03
2.000000000000000000e+01 2.100000000000000000e+01 1.949195086850296190e-03
2.000000000000000000e+01 2.200000000000000000e+01 2.249071254058034215e-03
2.000000000000000000e+01 2.400000000000000000e+01 1.670738645871682479e-03
2.000000000000000000e+01 2.500000000000000000e+01 1.949195086850296190e-03
2.000000000000000000e+01 2.600000000000000000e+01 2.339034104220355254e-03
2.000000000000000000e+01 3.000000000000000000e+01 1.624329239041913528e-03
2.000000000000000000e+01 3.100000000000000000e+01 1.461896315137721980e-03
2.000000000000000000e+01 3.200000000000000000e+01 1.461896315137721980e-03
2.000000000000000000e+01 3.300000000000000000e+01 1.580428448797537369e-03
2.000000000000000000e+01 3.500000000000000000e+01 1.624329239041913528e-03
2.100000000000000000e+01 0.000000000000000000e+00 2.249071254058034215e-03
2.100000000000000000e+01 1.000000000000000000e+00 1.499380836038689260e-03
2.100000000000000000e+01 3.000000000000000000e+00 1.461896315137721980e-03
2.100000000000000000e+01 4.000000000000000000e+00 1.538838226460760138e-03
2.100000000000000000e+01 5.000000000000000000e+00 2.016408710534789341e-03
2.100000000000000000e+01 6.000000000000000000e+00 1.461896315137721980e-03
2.100000000000000000e+01 7.000000000000000000e+00 1.538838226460760138e-03
2.100000000000000000e+01 1.500000000000000000e+01 1.886317825984157575e-03
2.100000000000000000e+01 1.600000000000000000e+01 1.461896315137721980e-03
2.100000000000000000e+01 1.800000000000000000e+01 1.426240307451436332e-03
2.100000000000000000e+01 1.900000000000000000e+01 1.771995533500269303e-03
2.100000000000000000e+01 2.000000000000000000e+01 1.949195086850296190e-03
2.100000000000000000e+01 2.200000000000000000e+01 2.249071254058034215e-03
2.100000000000000000e+01 2.400000000000000000e+01 2.016408710534789341e-03
2.100000000000000000e+01 2.500000000000000000e+01 2.436493858562870183e-03
2.100000000000000000e+01 2.600000000000000000e+01 2.542428374152560285e-03
2.100000000000000000e+01 2.700000000000000000e+01 1.426240307451436332e-03
2.100000000000000000e+01 2.800000000000000000e+01 1.461896315137721980e-03
2.100000000000000000e+01 3.000000000000000000e+01 1.538838226460760138e-03
2.100000000000000000e+01 3.100000000000000000e+01 1.538838226460760138e-03
2.100000000000000000e+01 3.200000000000000000e+01 1.827370393922152746e-03
2.100000000000000000e+01 3.300000000000000000e+01 1.771995533500269303e-03
2.100000000000000000e+01 3.500000000000000000e+01 1.461896315137721980e-03
2.200000000000000000e+01 0.000000000000000000e+00 1.827370393922152746e-03
2.200000000000000000e+01 1.000000000000000000e+00 1.886317825984157575e-03
2.200000000000000000e+01 3.000000000000000000e+00 1.624329239041913528e-03
2.200000000000000000e+01 4.000000000000000000e+00 1.624329239041913528e-03
2.200000000000000000e+01 6.000000000000000000e+00 1.538838226460760138e-03
2.200000000000000000e+01 7.000000000000000000e+00 2.088423307339603262e-03
2.200000000000000000e+01 9.000000000000000000e+00 1.392282204893068769e-03
2.200000000000000000e+01 1.200000000000000000e+01 1.392282204893068769e-03
2.200000000000000000e+01 1.300000000000000000e+01 1.426240307451436332e-03
2.200000000000000000e+01 1.500000000000000000e+01 1.886317825984157575e-03
2.200000000000000000e+01 1.600000000000000000e+01 1.461896315137721980e-03
2.200000000000000000e+01 1.700000000000000000e+01 1.426240307451436332e-03
2.200000000000000000e+01 1.800000000000000000e+01 1.670738645871682479e-03
2.200000000000000000e+01 1.900000000000000000e+01 1.886317825984157575e-03
2.200000000000000000e+01 2.000000000000000000e+01 2.249071254058034215e-03
2.200000000000000000e+01 2.100000000000000000e+01 2.249071254058034215e-03
2.200000000000000000e+01 2.400000000000000000e+01 1.886317825984157575e-03
2.200000000000000000e+01 2.500000000000000000e+01 2.436493858562870183e-03
2.200000000000000000e+01 2.600000000000000000e+01 3.439756035618169849e-03
2.200000000000000000e+01 2.800000000000000000e+01 1.392282204893068769e-03
2.200000000000000000e+01 2.900000000000000000e+01 1.426240307451436332e-03
2.200000000000000000e+01 3.000000000000000000e+01 1.719878017809084924e-03
2.200000000000000000e+01 3.100000000000000000e+01 1.624329239041913528e-03
2.200000000000000000e+01 3.200000000000000000e+01 1.624329239041913528e-03
2.200000000000000000e+01 3.300000000000000000e+01 2.016408710534789341e-03
2.200000000000000000e+01 3.500000000000000000e+01 1.624329239041913528e-03
2.300000000000000000e+01 1.000000000000000000e+00 1.538838226460760138e-03
2.300000000000000000e+01 2.000000000000000000e+00 1.719878017809084924e-03
2.300000000000000000e+01 3.000000000000000000e+00 2.784564409786137538e-03
2.300000000000000000e+01 7.000000000000000000e+00 1.499380836038689260e-03
2.300000000000000000e+01 8.000000000000000000e+00 1.719878017809084924e-03
2.300000000000000000e+01 9.000000000000000000e+00 2.339034104220355254e-03
2.300000000000000000e+01 1.000000000000000000e+01 2.016408710534789341e-03
2.300000000000000000e+01 1.100000000000000000e+01 1.670738645871682479e-03
2.300000000000000000e+01 1.200000000000000000e+01 2.339034104220355254e-03
2.300000000000000000e+01 1.300000000000000000e+01 2.923792630275443959e-03
2.300000000000000000e+01 1.400000000000000000e+01 2.016408710534789341e-03
2.300000000000000000e+01 1.700000000000000000e+01 2.088423307339603262e-03
2.300000000000000000e+01 1.800000000000000000e+01 1.949195086850296190e-03
2.300000000000000000e+01 2.600000000000000000e+01 1.461896315137721980e-03
2.300000000000000000e+01 2.700000000000000000e+01 1.624329239041913528e-03
2.300000000000000000e+01 2.800000000000000000e+01 1.580428448797537369e-03
2.300000000000000000e+01 2.900000000000000000e+01 1.719878017809084924e-03
2.300000000000000000e+01 3.000000000000000000e+01 1.580428448797537369e-03
2.300000000000000000e+01 3.100000000000000000e+01 2.784564409786137538e-03
2.300000000000000000e+01 3.200000000000000000e+01 1.580428448797537369e-03
2.300000000000000000e+01 3.300000000000000000e+01 1.538838226460760138e-03
2.300000000000000000e+01 3.400000000000000000e+01 1.580428448797537369e-03
2.300000000000000000e+01 3.500000000000000000e+01 1.886317825984157575e-03
2.400000000000000000e+01 0.000000000000000000e+00 1.771995533500269303e-03
2.400000000000000000e+01 1.000000000000000000e+00 1.719878017809084924e-03
2.400000000000000000e+01 2.000000000000000000e+00 1.538838226460760138e-03
2.400000000000000000e+01 3.000000000000000000e+00 1.670738645871682479e-03
2.400000000000000000e+01 4.000000000000000000e+00 1.426240307451436332e-03
2.400000000000000000e+01 5.000000000000000000e+00 1.392282204893068769e-03
2.400000000000000000e+01 6.000000000000000000e+00 1.580428448797537369e-03
2.400000000000000000e+01 7.000000000000000000e+00 1.670738645871682479e-03
2.400000000000000000e+01 8.000000000000000000e+00 1.538838226460760138e-03
2.400000000000000000e+01 9.000000000000000000e+00 1.580428448797537369e-03
2.400000000000000000e+01 1.000000000000000000e+01 1.827370393922152746e-03
2.400000000000000000e+01 1.100000000000000000e+01 1.426240307451436332e-03
2.400000000000000000e+01 1.200000000000000000e+01 1.426240307451436332e-03
2.400000000000000000e+01 1.300000000000000000e+01 1.461896315137721980e-03
2.400000000000000000e+01 1.400000000000000000e+01 1.499380836038689260e-03
2.400000000000000000e+01 1.500000000000000000e+01 2.088423307339603262e-03
2.400000000000000000e+01 1.600000000000000000e+01 2.542428374152560285e-03
2.400000000000000000e+01 1.700000000000000000e+01 1.827370393922152746e-03
2.400000000000000000e+01 1.800000000000000000e+01 1.949195086850296190e-03
2.400000000000000000e+01 1.900000000000000000e+01 1.624329239041913528e-03
2.400000000000000000e+01 2.000000000000000000e+01 1.670738645871682479e-03
2.400000000000000000e+01 2.100000000000000000e+01 2.016408710534789341e-03
2.400000000000000000e+01 2.200000000000000000e+01 1.886317825984157575e-03
2.400000000000000000e+01 2.500000000000000000e+01 2.339034104220355254e-03
2.400000000000000000e+01 2.600000000000000000e+01 2.249071254058034215e-03
2.400000000000000000e+01 2.900000000000000000e+01 2.436493858562870183e-03
2.400000000000000000e+01 3.000000000000000000e+01 2.165772318722551226e-03
2.400000000000000000e+01 3.100000000000000000e+01 1.771995533500269303e-03
2.400000000000000000e+01 3.200000000000000000e+01 1.886317825984157575e-03
2.400000000000000000e+01 3.300000000000000000e+01 2.249071254058034215e-03
2.400000000000000000e+01 3.500000000000000000e+01 1.580428448797537369e-03
2.500000000000000000e+01 0.000000000000000000e+00 2.249071254058034215e-03
2.500000000000000000e+01 1.000000000000000000e+00 1.580428448797537369e-03
2.500000000000000000e+01 3.000000000000000000e+00 1.827370393922152746e-03
2.500000000000000000e+01 4.000000000000000000e+00 1.538838226460760138e-03
2.500000000000000000e+01 5.000000000000000000e+00 1.499380836038689260e-03
2.500000000000000000e+01 6.000000000000000000e+00 1.827370393922152746e-03
2.500000000000000000e+01 7.000000000000000000e+00 1.624329239041913528e-03
2.500000000000000000e+01 9.000000000000000000e+00 1.538838226460760138e-03
2.500000000000000000e+01 1.200000000000000000e+01 1.392282204893068769e-03
2.500000000000000000e+01 1.300000000000000000e+01 1.426240307451436332e-03
2.500000000000000000e+01 1.400000000000000000e+01 1.461896315137721980e-03
2.500000000000000000e+01 1.500000000000000000e+01 1.670738645871682479e-03
2.500000000000000000e+01 1.600000000000000000e+01 1.949195086850296190e-03
2.500000000000000000e+01 1.700000000000000000e+01 1.499380836038689260e-03
2.500000000000000000e+01 1.800000000000000000e+01 1.771995533500269303e-03
2.500000000000000000e+01 1.900000000000000000e+01 2.016408710534789341e-03
2.500000000000000000e+01 2.000000000000000000e+01 1.949195086850296190e-03
2.500000000000000000e+01 2.100000000000000000e+01 2.436493858562870183e-03
2.500000000000000000e+01 2.200000000000000000e+01 2.436493858562870183e-03
2.500000000000000000e+01 2.400000000000000000e+01 2.339034104220355254e-03
2.500000000000000000e+01 2.600000000000000000e+01 3.898390173700592379e-03
2.500000000000000000e+01 2.700000000000000000e+01 1.426240307451436332e-03
2.500000000000000000e+01 2.900000000000000000e+01 1.499380836038689260e-03
2.500000000000000000e+01 3.000000000000000000e+01 1.949195086850296190e-03
2.500000000000000000e+01 3.100000000000000000e+01 1.827370393922152746e-03
2.500000000000000000e+01 3.200000000000000000e+01 1.827370393922152746e-03
2.500000000000000000e+01 3.300000000000000000e+01 1.886317825984157575e-03
2.500000000000000000e+01 3.500000000000000000e+01 1.624329239041913528e-03
2.600000000000000000e+01 0.000000000000000000e+00 2.016408710534789341e-03
2.600000000000000000e+01 1.000000000000000000e+00 1.624329239041913528e-03
2.600000000000000000e+01 3.000000000000000000e+00 2.016408710534789341e-03
2.600000000000000000e+01 4.000000000000000000e+00 1.771995533500269303e-03
2.600000000000000000e+01 5.000000000000000000e+00 1.624329239041913528e-03
2.600000000000000000e+01 6.000000000000000000e+00 1.886317825984157575e-03
2.600000000000000000e+01 7.000000000000000000e+00 1.771995533500269303e-03
2.600000000000000000e+01 9.000000000000000000e+00 1.499380836038689260e-03
2.600000000000000000e+01 1.200000000000000000e+01 1.499380836038689260e-03
2.600000000000000000e+01 1.300000000000000000e+01 1.624329239041913528e-03
2.600000000000000000e+01 1.500000000000000000e+01 1.827370393922152746e-03
2.600000000000000000e+01 1.600000000000000000e+01 1.886317825984157575e-03
2.600000000000000000e+01 1.700000000000000000e+01 1.624329239041913528e-03
2.600000000000000000e+01 1.800000000000000000e+01 1.827370393922152746e-03
2.600000000000000000e+01 1.900000000000000000e+01 2.249071254058034215e-03
2.600000000000000000e+01 2.000000000000000000e+01 2.339034104220355254e-03
2.600000000000000000e+01 2.100000000000000000e+01 2.542428374152560285e-03
2.600000000000000000e+01 2.200000000000000000e+01 3.439756035618169849e-03
2.600000000000000000e+01 2.300000000000000000e+01 1.461896315137721980e-03
2.600000000000000000e+01 2.400000000000000000e+01 2.249071254058034215e-03
2.600000000000000000e+01 2.500000000000000000e+01 3.898390173700592379e-03
2.600000000000000000e+01 2.700000000000000000e+01 1.392282204893068769e-03
2.600000000000000000e+01 2.900000000000000000e+01 1.538838226460760138e-03
2.600000000000000000e+01 3.000000000000000000e+01 2.016408710534789341e-03
2.600000000000000000e+01 3.100000000000000000e+01 2.016408710534789341e-03
2.600000000000000000e+01 3.200000000000000000e+01 1.771995533500269303e-03
2.600000000000000000e+01 3.300000000000000000e+01 2.088423307339603262e-03
2.600000000000000000e+01 3.500000000000000000e+01 1.771995533500269303e-03
2.700000000000000000e+01 1.000000000000000000e+00 1.719878017809084924e-03
2.700000000000000000e+01 2.000000000000000000e+00 1.461896315137721980e-03
2.700000000000000000e+01 3.000000000000000000e+00 2.016408710534789341e-03
2.700000000000000000e+01 8.000000000000000000e+00 1.827370393922152746e-03
2.700000000000000000e+01 9.000000000000000000e+00 2.016408710534789341e-03
2.700000000000000000e+01 1.000000000000000000e+01 1.719878017809084924e-03
2.700000000000000000e+01 1.100000000000000000e+01 1.580428448797537369e-03
2.700000000000000000e+01 1.200000000000000000e+01 2.016408710534789341e-03
2.700000000000000000e+01 1.300000000000000000e+01 1.827370393922152746e-03
2.700000000000000000e+01 1.400000000000000000e+01 1.670738645871682479e-03
2.700000000000000000e+01 1.500000000000000000e+01 1.719878017809084924e-03
2.700000000000000000e+01 1.600000000000000000e+01 1.499380836038689260e-03
2.700000000000000000e+01 1.700000000000000000e+01 2.657993300250403954e-03
2.700000000000000000e+01 1.800000000000000000e+01 2.249071254058034215e-03
2.700000000000000000e+01 2.100000000000000000e+01 1.426240307451436332e-03
2.700000000000000000e+01 2.300000000000000000e+01 1.624329239041913528e-03
2.700000000000000000e+01 2.500000000000000000e+01 1.426240307451436332e-03
2.700000000000000000e+01 2.600000000000000000e+01 1.392282204893068769e-03
2.700000000000000000e+01 2.800000000000000000e+01 2.784564409786137538e-03
2.700000000000000000e+01 2.900000000000000000e+01 1.827370393922152746e-03
2.700000000000000000e+01 3.000000000000000000e+01 1.886317825984157575e-03
2.700000000000000000e+01 3.100000000000000000e+01 2.542428374152560285e-03
2.700000000000000000e+01 3.200000000000000000e+01 2.339034104220355254e-03
2.700000000000000000e+01 3.300000000000000000e+01 1.949195086850296190e-03
2.700000000000000000e+01 3.400000000000000000e+01 1.499380836038689260e-03
2.700000000000000000e+01 3.500000000000000000e+01 1.580428448797537369e-03
2.800000000000000000e+01 1.000000000000000000e+00 1.670738645871682479e-03
2.800000000000000000e+01 2.000000000000000000e+00 1.426240307451436332e-03
2.800000000000000000e+01 3.000000000000000000e+00 1.949195086850296190e-03
2.800000000000000000e+01 7.000000000000000000e+00 1.461896315137721980e-03
2.800000000000000000e+01 8.000000000000000000e+00 1.499380836038689260e-03
2.800000000000000000e+01 9.000000000000000000e+00 1.949195086850296190e-03
2.800000000000000000e+01 1.000000000000000000e+01 1.499380836038689260e-03
2.800000000000000000e+01 1.100000000000000000e+01 1.392282204893068769e-03
2.800000000000000000e+01 1.200000000000000000e+01 2.088423307339603262e-03
2.800000000000000000e+01 1.300000000000000000e+01 1.670738645871682479e-03
2.800000000000000000e+01 1.400000000000000000e+01 1.461896315137721980e-03
2.800000000000000000e+01 1.500000000000000000e+01 1.670738645871682479e-03
2.800000000000000000e+01 1.700000000000000000e+01 1.886317825984157575e-03
2.800000000000000000e+01 1.800000000000000000e+01 1.886317825984157575e-03
2.800000000000000000e+01 2.100000000000000000e+01 1.461896315137721980e-03
2.800000000000000000e+01 2.200000000000000000e+01 1.392282204893068769e-03
2.800000000000000000e+01 2.300000000000000000e+01 1.580428448797537369e-03
2.800000000000000000e+01 2.700000000000000000e+01 2.784564409786137538e-03
2.800000000000000000e+01 2.900000000000000000e+01 1.771995533500269303e-03
2.800000000000000000e+01 3.000000000000000000e+01 1.624329239041913528e-03
2.800000000000000000e+01 3.100000000000000000e+01 2.088423307339603262e-03
2.800000000000000000e+01 3.200000000000000000e+01 2.249071254058034215e-03
2.800000000000000000e+01 3.300000000000000000e+01 1.771995533500269303e-03
2.800000000000000000e+01 3.400000000000000000e+01 1.461896315137721980e-03
2.800000000000000000e+01 3.500000000000000000e+01 1.827370393922152746e-03
2.900000000000000000e+01 1.000000000000000000e+00 1.538838226460760138e-03
2.900000000000000000e+01 2.000000000000000000e+00 1.827370393922152746e-03
2.900000000000000000e+01 3.000000000000000000e+00 2.339034104220355254e-03
2.900000000000000000e+01 7.000000000000000000e+00 1.670738645871682479e-03
2.900000000000000000e+01 8.000000000000000000e+00 2.249071254058034215e-03
2.900000000000000000e+01 9.000000000000000000e+00 2.339034104220355254e-03
2.900000000000000000e+01 1.000000000000000000e+01 2.657993300250403954e-03
2.900000000000000000e+01 1.100000000000000000e+01 2.016408710534789341e-03
2.900000000000000000e+01 1.200000000000000000e+01 2.165772318722551226e-03
2.900000000000000000e+01 1.300000000000000000e+01 1.949195086850296190e-03
2.900000000000000000e+01 1.400000000000000000e+01 1.886317825984157575e-03
2.900000000000000000e+01 1.500000000000000000e+01 1.827370393922152746e-03
2.900000000000000000e+01 1.600000000000000000e+01 1.886317825984157575e-03
2.900000000000000000e+01 1.700000000000000000e+01 2.657993300250403954e-03
2.900000000000000000e+01 1.800000000000000000e+01 2.436493858562870183e-03
2.900000000000000000e+01 2.200000000000000000e+01 1.426240307451436332e-03
2.900000000000000000e+01 2.300000000000000000e+01 1.719878017809084924e-03
2.900000000000000000e+01 2.400000000000000000e+01 2.436493858562870183e-03
2.900000000000000000e+01 2.500000000000000000e+01 1.499380836038689260e-03
2.900000000000000000e+01 2.600000000000000000e+01 1.538838226460760138e-03
2.900000000000000000e+01 2.700000000000000000e+01 1.827370393922152746e-03
2.900000000000000000e+01 2.800000000000000000e+01 1.771995533500269303e-03
2.900000000000000000e+01 3.000000000000000000e+01 2.165772318722551226e-03
2.900000000000000000e+01 3.100000000000000000e+01 2.339034104220355254e-03
2.900000000000000000e+01 3.200000000000000000e+01 2.016408710534789341e-03
2.900000000000000000e+01 3.300000000000000000e+01 2.249071254058034215e-03
2.900000000000000000e+01 3.400000000000000000e+01 1.886317825984157575e-03
2.900000000000000000e+01 3.500000000000000000e+01 1.886317825984157575e-03
3.000000000000000000e+01 0.000000000000000000e+00 1.538838226460760138e-03
3.000000000000000000e+01 1.000000000000000000e+00 1.771995533500269303e-03
3.000000000000000000e+01 2.000000000000000000e+00 1.580428448797537369e-03
3.000000000000000000e+01 3.000000000000000000e+00 2.436493858562870183e-03
3.000000000000000000e+01 6.000000000000000000e+00 1.719878017809084924e-03
3.000000000000000000e+01 7.000000000000000000e+00 1.624329239041913528e-03
3.000000000000000000e+01 8.000000000000000000e+00 1.771995533500269303e-03
3.000000000000000000e+01 9.000000000000000000e+00 1.949195086850296190e-03
3.000000000000000000e+01 1.000000000000000000e+01 1.886317825984157575e-03
3.000000000000000000e+01 1.100000000000000000e+01 1.538838226460760138e-03
3.000000000000000000e+01 1.200000000000000000e+01 1.827370393922152746e-03
3.000000000000000000e+01 1.300000000000000000e+01 1.886317825984157575e-03
3.000000000000000000e+01 1.400000000000000000e+01 1.827370393922152746e-03
3.000000000000000000e+01 1.500000000000000000e+01 2.339034104220355254e-03
3.000000000000000000e+01 1.600000000000000000e+01 2.249071254058034215e-03
3.000000000000000000e+01 1.700000000000000000e+01 2.339034104220355254e-03
3.000000000000000000e+01 1.800000000000000000e+01 3.077676452921520277e-03
3.000000000000000000e+01 2.000000000000000000e+01 1.624329239041913528e-03
3.000000000000000000e+01 2.100000000000000000e+01 1.538838226460760138e-03
3.000000000000000000e+01 2.200000000000000000e+01 1.719878017809084924e-03
3.000000000000000000e+01 2.300000000000000000e+01 1.580428448797537369e-03
3.000000000000000000e+01 2.400000000000000000e+01 2.165772318722551226e-03
3.000000000000000000e+01 2.500000000000000000e+01 1.949195086850296190e-03
3.000000000000000000e+01 2.600000000000000000e+01 2.016408710534789341e-03
3.000000000000000000e+01 2.700000000000000000e+01 1.886317825984157575e-03
3.000000000000000000e+01 2.800000000000000000e+01 1.624329239041913528e-03
3.000000000000000000e+01 2.900000000000000000e+01 2.165772318722551226e-03
3.000000000000000000e+01 3.100000000000000000e+01 2.657993300250403954e-03
3.000000000000000000e+01 3.200000000000000000e+01 2.923792630275443959e-03
3.000000000000000000e+01 3.300000000000000000e+01 2.784564409786137538e-03
3.000000000000000000e+01 3.400000000000000000e+01 1.624329239041913528e-03
3.000000000000000000e+01 3.500000000000000000e+01 1.949195086850296190e-03
3.100000000000000000e+01 0.000000000000000000e+00 1.538838226460760138e-03
3.100000000000000000e+01 1.000000000000000000e+00 2.016408710534789341e-03
3.100000000000000000e+01 2.000000000000000000e+00 2.165772318722551226e-03
3.100000000000000000e+01 3.000000000000000000e+00 2.923792630275443959e-03
3.100000000000000000e+01 6.000000000000000000e+00 1.461896315137721980e-03
3.100000000000000000e+01 7.000000000000000000e+00 1.538838226460760138e-03
3.100000000000000000e+01 8.000000000000000000e+00 2.339034104220355254e-03
3.100000000000000000e+01 9.000000000000000000e+00 3.248658478083827055e-03
3.100000000000000000e+01 1.000000000000000000e+01 2.542428374152560285e-03
3.100000000000000000e+01 1.100000000000000000e+01 1.827370393922152746e-03
3.100000000000000000e+01 1.200000000000000000e+01 2.436493858562870183e-03
3.100000000000000000e+01 1.300000000000000000e+01 3.439756035618169849e-03
3.100000000000000000e+01 1.400000000000000000e+01 3.248658478083827055e-03
3.100000000000000000e+01 1.500000000000000000e+01 1.886317825984157575e-03
3.100000000000000000e+01 1.600000000000000000e+01 1.827370393922152746e-03
3.100000000000000000e+01 1.700000000000000000e+01 3.077676452921520277e-03
3.100000000000000000e+01 1.800000000000000000e+01 4.498142508116068430e-03
3.100000000000000000e+01 2.000000000000000000e+01 1.461896315137721980e-03
3.100000000000000000e+01 2.100000000000000000e+01 1.538838226460760138e-03
3.100000000000000000e+01 2.200000000000000000e+01 1.624329239041913528e-03
3.100000000000000000e+01 2.300000000000000000e+01 2.784564409786137538e-03
3.100000000000000000e+01 2.400000000000000000e+01 1.771995533500269303e-03
3.100000000000000000e+01 2.500000000000000000e+01 1.827370393922152746e-03
3.100000000000000000e+01 2.600000000000000000e+01 2.016408710534789341e-03
3.100000000000000000e+01 2.700000000000000000e+01 2.542428374152560285e-03
3.100000000000000000e+01 2.800000000000000000e+01 2.088423307339603262e-03
3.100000000000000000e+01 2.900000000000000000e+01 2.339034104220355254e-03
3.100000000000000000e+01 3.000000000000000000e+01 2.657993300250403954e-03
3.100000000000000000e+01 3.200000000000000000e+01 3.248658478083827055e-03
3.100000000000000000e+01 3.300000000000000000e+01 2.339034104220355254e-03
3.100000000000000000e+01 3.400000000000000000e+01 2.088423307339603262e-03
3.100000000000000000e+01 3.500000000000000000e+01 1.827370393922152746e-03
3.200000000000000000e+01 0.000000000000000000e+00 1.624329239041913528e-03
3.200000000000000000e+01 1.000000000000000000e+00 2.165772318722551226e-03
3.200000000000000000e+01 2.000000000000000000e+00 1.771995533500269303e-03
3.200000000000000000e+01 3.000000000000000000e+00 2.657993300250403954e-03
3.200000000000000000e+01 5.000000000000000000e+00 1.499380836038689260e-03
3.200000000000000000e+01 7.000000000000000000e+00 1.719878017809084924e-03
3.200000000000000000e+01 8.000000000000000000e+00 1.670738645871682479e-03
3.200000000000000000e+01 9.000000000000000000e+00 2.657993300250403954e-03
3.200000000000000000e+01 1.000000000000000000e+01 1.771995533500269303e-03
3.200000000000000000e+01 1.100000000000000000e+01 1.538838226460760138e-03
3.200000000000000000e+01 1.200000000000000000e+01 2.088423307339603262e-03
3.200000000000000000e+01 1.300000000000000000e+01 1.886317825984157575e-03
3.200000000000000000e+01 1.400000000000000000e+01 1.827370393922152746e-03
3.200000000000000000e+01 1.500000000000000000e+01 2.016408710534789341e-03
3.200000000000000000e+01 1.600000000000000000e+01 1.827370393922152746e-03
3.200000000000000000e+01 1.700000000000000000e+01 2.339034104220355254e-03
3.200000000000000000e+01 1.800000000000000000e+01 2.784564409786137538e-03
3.200000000000000000e+01 2.000000000000000000e+01 1.461896315137721980e-03
3.200000000000000000e+01 2.100000000000000000e+01 1.827370393922152746e-03
3.200000000000000000e+01 2.200000000000000000e+01 1.624329239041913528e-03
3.200000000000000000e+01 2.300000000000000000e+01 1.580428448797537369e-03
3.200000000000000000e+01 2.400000000000000000e+01 1.886317825984157575e-03
3.200000000000000000e+01 2.500000000000000000e+01 1.827370393922152746e-03
3.200000000000000000e+01 2.600000000000000000e+01 1.771995533500269303e-03
3.200000000000000000e+01 2.700000000000000000e+01 2.339034104220355254e-03
3.200000000000000000e+01 2.800000000000000000e+01 2.249071254058034215e-03
3.200000000000000000e+01 2.900000000000000000e+01 2.016408710534789341e-03
3.200000000000000000e+01 3.000000000000000000e+01 2.923792630275443959e-03
3.200000000000000000e+01 3.100000000000000000e+01 3.248658478083827055e-03
3.200000000000000000e+01 3.300000000000000000e+01 2.339034104220355254e-03
3.200000000000000000e+01 3.400000000000000000e+01 1.719878017809084924e-03
3.200000000000000000e+01 3.500000000000000000e+01 2.436493858562870183e-03
3.300000000000000000e+01 0.000000000000000000e+00 1.670738645871682479e-03
3.300000000000000000e+01 1.000000000000000000e+00 2.249071254058034215e-03
3.300000000000000000e+01 2.000000000000000000e+00 1.461896315137721980e-03
3.300000000000000000e+01 3.000000000000000000e+00 2.339034104220355254e-03
3.300000000000000000e+01 5.000000000000000000e+00 1.392282204893068769e-03
3.300000000000000000e+01 6.000000000000000000e+00 1.499380836038689260e-03
3.300000000000000000e+01 7.000000000000000000e+00 2.016408710534789341e-03
3.300000000000000000e+01 8.000000000000000000e+00 1.719878017809084924e-03
3.300000000000000000e+01 9.000000000000000000e+00 1.886317825984157575e-03
3.300000000000000000e+01 1.000000000000000000e+01 1.949195086850296190e-03
3.300000000000000000e+01 1.100000000000000000e+01 1.426240307451436332e-03
3.300000000000000000e+01 1.200000000000000000e+01 1.771995533500269303e-03
3.300000000000000000e+01 1.300000000000000000e+01 1.827370393922152746e-03
3.300000000000000000e+01 1.400000000000000000e+01 1.580428448797537369e-03
3.300000000000000000e+01 1.500000000000000000e+01 1.949195086850296190e-03
3.300000000000000000e+01 1.600000000000000000e+01 1.886317825984157575e-03
3.300000000000000000e+01 1.700000000000000000e+01 2.088423307339603262e-03
3.300000000000000000e+01 1.800000000000000000e+01 2.436493858562870183e-03
3.300000000000000000e+01 2.000000000000000000e+01 1.580428448797537369e-03
3.300000000000000000e+01 2.100000000000000000e+01 1.771995533500269303e-03
3.300000000000000000e+01 2.200000000000000000e+01 2.016408710534789341e-03
3.300000000000000000e+01 2.300000000000000000e+01 1.538838226460760138e-03
3.300000000000000000e+01 2.400000000000000000e+01 2.249071254058034215e-03
3.300000000000000000e+01 2.500000000000000000e+01 1.886317825984157575e-03
3.300000000000000000e+01 2.600000000000000000e+01 2.088423307339603262e-03
3.300000000000000000e+01 2.700000000000000000e+01 1.949195086850296190e-03
3.300000000000000000e+01 2.800000000000000000e+01 1.771995533500269303e-03
3.300000000000000000e+01 2.900000000000000000e+01 2.249071254058034215e-03
3.300000000000000000e+01 3.000000000000000000e+01 2.784564409786137538e-03
3.300000000000000000e+01 3.100000000000000000e+01 2.339034104220355254e-03
3.300000000000000000e+01 3.200000000000000000e+01 2.339034104220355254e-03
3.300000000000000000e+01 3.400000000000000000e+01 1.499380836038689260e-03
3.300000000000000000e+01 3.500000000000000000e+01 2.016408710534789341e-03
3.400000000000000000e+01 1.000000000000000000e+00 1.426240307451436332e-03
3.400000000000000000e+01 2.000000000000000000e+00 1.580428448797537369e-03
3.400000000000000000e+01 3.000000000000000000e+00 1.827370393922152746e-03
3.400000000000000000e+01 8.000000000000000000e+00 1.771995533500269303e-03
3.400000000000000000e+01 9.000000000000000000e+00 1.949195086850296190e-03
3.400000000000000000e+01 1.000000000000000000e+01 1.886317825984157575e-03
3.400000000000000000e+01 1.100000000000000000e+01 1.538838226460760138e-03
3.400000000000000000e+01 1.200000000000000000e+01 1.719878017809084924e-03
3.400000000000000000e+01 1.300000000000000000e+01 1.670738645871682479e-03
3.400000000000000000e+01 1.400000000000000000e+01 1.624329239041913528e-03
3.400000000000000000e+01 1.600000000000000000e+01 1.392282204893068769e-03
3.400000000000000000e+01 1.700000000000000000e+01 1.886317825984157575e-03
3.400000000000000000e+01 1.800000000000000000e+01 1.886317825984157575e-03
3.400000000000000000e+01 2.300000000000000000e+01 1.580428448797537369e-03
3.400000000000000000e+01 2.700000000000000000e+01 1.499380836038689260e-03
3.400000000000000000e+01 2.800000000000000000e+01 1.461896315137721980e-03
3.400000000000000000e+01 2.900000000000000000e+01 1.886317825984157575e-03
3.400000000000000000e+01 3.000000000000000000e+01 1.624329239041913528e-03
3.400000000000000000e+01 3.100000000000000000e+01 2.088423307339603262e-03
3.400000000000000000e+01 3.200000000000000000e+01 1.719878017809084924e-03
3.400000000000000000e+01 3.300000000000000000e+01 1.499380836038689260e-03
3.500000000000000000e+01 0.000000000000000000e+00 1.392282204893068769e-03
3.500000000000000000e+01 1.000000000000000000e+00 1.771995533500269303e-03
3.500000000000000000e+01 2.000000000000000000e+00 1.426240307451436332e-03
3.500000000000000000e+01 3.000000000000000000e+00 2.657993300250403954e-03
3.500000000000000000e+01 4.000000000000000000e+00 1.538838226460760138e-03
3.500000000000000000e+01 7.000000000000000000e+00 2.436493858562870183e-03
3.500000000000000000e+01 9.000000000000000000e+00 1.827370393922152746e-03
3.500000000000000000e+01 1.000000000000000000e+01 1.426240307451436332e-03
3.500000000000000000e+01 1.200000000000000000e+01 2.923792630275443959e-03
3.500000000000000000e+01 1.300000000000000000e+01 1.886317825984157575e-03
3.500000000000000000e+01 1.400000000000000000e+01 1.461896315137721980e-03
3.500000000000000000e+01 1.500000000000000000e+01 1.886317825984157575e-03
3.500000000000000000e+01 1.600000000000000000e+01 1.719878017809084924e-03
3.500000000000000000e+01 1.700000000000000000e+01 1.886317825984157575e-03
3.500000000000000000e+01 1.800000000000000000e+01 1.886317825984157575e-03
3.500000000000000000e+01 1.900000000000000000e+01 1.580428448797537369e-03
3.500000000000000000e+01 2.000000000000000000e+01 1.624329239041913528e-03
3.500000000000000000e+01 2.100000000000000000e+01 1.461896315137721980e-03
3.500000000000000000e+01 2.200000000000000000e+01 1.624329239041913528e-03
3.500000000000000000e+01 2.300000000000000000e+01 1.886317825984157575e-03
3.500000000000000000e+01 2.400000000000000000e+01 1.580428448797537369e-03
3.500000000000000000e+01 2.500000000000000000e+01 1.624329239041913528e-03
3.500000000000000000e+01 2.600000000000000000e+01 1.771995533500269303e-03
3.500000000000000000e+01 2.700000000000000000e+01 1.580428448797537369e-03
3.500000000000000000e+01 2.800000000000000000e+01 1.827370393922152746e-03
3.500000000000000000e+01 2.900000000000000000e+01 1.886317825984157575e-03
3.500000000000000000e+01 3.000000000000000000e+01 1.949195086850296190e-03
3.500000000000000000e+01 3.100000000000000000e+01 1.827370393922152746e-03
3.500000000000000000e+01 3.200000000000000000e+01 2.436493858562870183e-03
3.500000000000000000e+01 3.300000000000000000e+01 2.016408710534789341e-03
