0,MT0001
1,MT0002
2,MT0003
3,MT0004
7,MT0008
8,MT0009
9,MT0010
10,MT0011
11,MT0012
12,MT0013
13,MT0014
14,MT0015
15,MT0016
16,MT0017
17,MT0018
18,MT0019
19,MT0020
20,MT0021
21,MT0022
22,MT0023
23,MT0024
24,MT0025
25,MT0026
26,MT0027
27,MT0028
28,MT0029
29,MT0030
30,MT0031
31,MT0032
32,MT0033
33,MT0034
35,MT0036

0;1,273.75,35,821.25,7,91.25,15,273.75,24,365,16,182.5,19,273.75,20,273.75,21,365,0,0,22,365,25,182.5,26,456.25,23,365,12,182.5,13,273.75,11,273.75,2,273.75,14,273.75,10,182.5,8,273.75,27,547.5,28,638.75,32,638.75,33,831.25,30,730,29,182.5,3,912.5,9,91.25,17,273.75,18,273.75,31,832.25
