2.000000000000000000e+00 3.000000000000000000e+00 3.617424242424242542e-01
2.000000000000000000e+00 4.000000000000000000e+00 9.947916666666667407e-01
2.000000000000000000e+00 5.000000000000000000e+00 4.421296296296297057e-01
2.000000000000000000e+00 6.000000000000000000e+00 6.631944444444445308e-01
2.000000000000000000e+00 7.000000000000000000e+00 1.989583333333333481e-01
2.000000000000000000e+00 8.000000000000000000e+00 3.060897435897436125e-01
2.000000000000000000e+00 1.000000000000000000e+01 2.652777777777777790e-01
2.000000000000000000e+00 1.100000000000000000e+01 2.340686274509803932e-01
2.000000000000000000e+00 1.200000000000000000e+01 1.808712121212121271e-01
3.000000000000000000e+00 2.000000000000000000e+00 3.617424242424242542e-01
3.000000000000000000e+00 4.000000000000000000e+00 4.421296296296297057e-01
3.000000000000000000e+00 5.000000000000000000e+00 2.842261904761905211e-01
3.000000000000000000e+00 6.000000000000000000e+00 3.617424242424242542e-01
3.000000000000000000e+00 7.000000000000000000e+00 1.591666666666666785e-01
3.000000000000000000e+00 8.000000000000000000e+00 2.210648148148148529e-01
3.000000000000000000e+00 1.000000000000000000e+01 1.989583333333333481e-01
3.000000000000000000e+00 1.100000000000000000e+01 1.808712121212121271e-01
3.000000000000000000e+00 1.200000000000000000e+01 1.473765432098765316e-01
4.000000000000000000e+00 2.000000000000000000e+00 9.947916666666667407e-01
4.000000000000000000e+00 3.000000000000000000e+00 4.421296296296297057e-01
4.000000000000000000e+00 5.000000000000000000e+00 5.684523809523810423e-01
4.000000000000000000e+00 6.000000000000000000e+00 9.947916666666667407e-01
4.000000000000000000e+00 7.000000000000000000e+00 2.210648148148148529e-01
4.000000000000000000e+00 8.000000000000000000e+00 3.617424242424242542e-01
4.000000000000000000e+00 1.000000000000000000e+01 3.060897435897436125e-01
4.000000000000000000e+00 1.100000000000000000e+01 2.652777777777777790e-01
4.000000000000000000e+00 1.200000000000000000e+01 1.989583333333333481e-01
5.000000000000000000e+00 2.000000000000000000e+00 4.421296296296297057e-01
5.000000000000000000e+00 3.000000000000000000e+00 2.842261904761905211e-01
5.000000000000000000e+00 4.000000000000000000e+00 5.684523809523810423e-01
5.000000000000000000e+00 6.000000000000000000e+00 4.421296296296297057e-01
5.000000000000000000e+00 7.000000000000000000e+00 1.730072463768115854e-01
5.000000000000000000e+00 8.000000000000000000e+00 2.486979166666666852e-01
5.000000000000000000e+00 1.000000000000000000e+01 2.210648148148148529e-01
5.000000000000000000e+00 1.100000000000000000e+01 1.989583333333333481e-01
5.000000000000000000e+00 1.200000000000000000e+01 1.591666666666666785e-01
6.000000000000000000e+00 2.000000000000000000e+00 6.631944444444445308e-01
6.000000000000000000e+00 3.000000000000000000e+00 3.617424242424242542e-01
6.000000000000000000e+00 4.000000000000000000e+00 9.947916666666667407e-01
6.000000000000000000e+00 5.000000000000000000e+00 4.421296296296297057e-01
6.000000000000000000e+00 7.000000000000000000e+00 2.486979166666666852e-01
6.000000000000000000e+00 8.000000000000000000e+00 4.421296296296297057e-01
6.000000000000000000e+00 1.000000000000000000e+01 3.617424242424242542e-01
6.000000000000000000e+00 1.100000000000000000e+01 3.060897435897436125e-01
6.000000000000000000e+00 1.200000000000000000e+01 2.210648148148148529e-01
7.000000000000000000e+00 2.000000000000000000e+00 1.989583333333333481e-01
7.000000000000000000e+00 3.000000000000000000e+00 1.591666666666666785e-01
7.000000000000000000e+00 4.000000000000000000e+00 2.210648148148148529e-01
7.000000000000000000e+00 5.000000000000000000e+00 1.730072463768115854e-01
7.000000000000000000e+00 6.000000000000000000e+00 2.486979166666666852e-01
7.000000000000000000e+00 8.000000000000000000e+00 3.315972222222222654e-01
7.000000000000000000e+00 1.000000000000000000e+01 2.340686274509803932e-01
7.000000000000000000e+00 1.100000000000000000e+01 2.094298245614035214e-01
7.000000000000000000e+00 1.200000000000000000e+01 2.486979166666666852e-01
8.000000000000000000e+00 2.000000000000000000e+00 3.060897435897436125e-01
8.000000000000000000e+00 3.000000000000000000e+00 2.210648148148148529e-01
8.000000000000000000e+00 4.000000000000000000e+00 3.617424242424242542e-01
8.000000000000000000e+00 5.000000000000000000e+00 2.486979166666666852e-01
8.000000000000000000e+00 6.000000000000000000e+00 4.421296296296297057e-01
8.000000000000000000e+00 7.000000000000000000e+00 3.315972222222222654e-01
8.000000000000000000e+00 1.000000000000000000e+01 3.315972222222222654e-01
8.000000000000000000e+00 1.100000000000000000e+01 2.842261904761905211e-01
8.000000000000000000e+00 1.200000000000000000e+01 2.486979166666666852e-01
1.000000000000000000e+01 2.000000000000000000e+00 2.652777777777777790e-01
1.000000000000000000e+01 3.000000000000000000e+00 1.989583333333333481e-01
1.000000000000000000e+01 4.000000000000000000e+00 3.060897435897436125e-01
1.000000000000000000e+01 5.000000000000000000e+00 2.210648148148148529e-01
1.000000000000000000e+01 6.000000000000000000e+00 3.617424242424242542e-01
1.000000000000000000e+01 7.000000000000000000e+00 2.340686274509803932e-01
1.000000000000000000e+01 8.000000000000000000e+00 3.315972222222222654e-01
1.000000000000000000e+01 1.100000000000000000e+01 4.973958333333333703e-01
1.000000000000000000e+01 1.200000000000000000e+01 3.060897435897436125e-01
1.100000000000000000e+01 2.000000000000000000e+00 2.340686274509803932e-01
1.100000000000000000e+01 3.000000000000000000e+00 1.808712121212121271e-01
1.100000000000000000e+01 4.000000000000000000e+00 2.652777777777777790e-01
1.100000000000000000e+01 5.000000000000000000e+00 1.989583333333333481e-01
1.100000000000000000e+01 6.000000000000000000e+00 3.060897435897436125e-01
1.100000000000000000e+01 7.000000000000000000e+00 2.094298245614035214e-01
1.100000000000000000e+01 8.000000000000000000e+00 2.842261904761905211e-01
1.100000000000000000e+01 1.000000000000000000e+01 4.973958333333333703e-01
1.100000000000000000e+01 1.200000000000000000e+01 5.684523809523810423e-01
1.200000000000000000e+01 2.000000000000000000e+00 1.808712121212121271e-01
1.200000000000000000e+01 3.000000000000000000e+00 1.473765432098765316e-01
1.200000000000000000e+01 4.000000000000000000e+00 1.989583333333333481e-01
1.200000000000000000e+01 5.000000000000000000e+00 1.591666666666666785e-01
1.200000000000000000e+01 6.000000000000000000e+00 2.210648148148148529e-01
1.200000000000000000e+01 7.000000000000000000e+00 2.486979166666666852e-01
1.200000000000000000e+01 8.000000000000000000e+00 2.486979166666666852e-01
1.200000000000000000e+01 1.000000000000000000e+01 3.060897435897436125e-01
1.200000000000000000e+01 1.100000000000000000e+01 5.684523809523810423e-01
