3 9 0.842777
3 12 0.842777
3 13 0.842777
4 38 0.055056
5 4 0.46413
5 6 0.46413
5 7 0.46413
5 8 0.46413
5 10 0.46413
5 14 0.46413
6 38 0.055056
7 38 0.055056
8 38 0.055056
9 11 0.325976
9 5 0.325976
10 38 0.055056
11 4 0.46413
11 6 0.46413
11 7 0.46413
11 8 0.46413
11 10 0.46413
11 14 0.46413
12 11 0.325976
12 5 0.325976
13 11 0.325976
13 5 0.325976
14 38 0.055056
15 16 0.141732
15 49 0.141732
15 50 0.141732
16 42 0.321453
17 52 0.162333
18 52 0.162333
19 68 0.120875
19 69 0.120875
19 22 0.120875
19 28 0.120875
19 29 0.120875
19 30 0.120875
20 40 0.763448
20 19 0.763448
20 53 0.763448
20 61 0.763448
21 56 0.0515
21 75 0.0515
21 55 0.0515
21 76 0.0515
21 23 0.0515
22 32 0.163427
22 33 0.163427
22 34 0.163427
22 67 0.163427
22 70 0.163427
22 65 0.163427
22 64 0.163427
22 63 0.163427
22 74 0.163427
22 71 0.163427
22 66 0.163427
22 21 0.163427
22 73 0.163427
22 24 0.163427
22 25 0.163427
22 26 0.163427
22 27 0.163427
22 62 0.163427
22 31 0.163427
23 59 0.19316
23 35 0.19316
23 36 0.19316
23 78 0.19316
24 56 0.0515
24 75 0.0515
24 55 0.0515
24 76 0.0515
24 23 0.0515
25 56 0.0515
25 75 0.0515
25 55 0.0515
25 76 0.0515
25 23 0.0515
26 56 0.0515
26 75 0.0515
26 55 0.0515
26 76 0.0515
26 23 0.0515
27 56 0.0515
27 75 0.0515
27 55 0.0515
27 76 0.0515
27 23 0.0515
28 32 0.163427
28 33 0.163427
28 34 0.163427
28 67 0.163427
28 70 0.163427
28 65 0.163427
28 64 0.163427
28 63 0.163427
28 74 0.163427
28 71 0.163427
28 66 0.163427
28 21 0.163427
28 73 0.163427
28 24 0.163427
28 25 0.163427
28 26 0.163427
28 27 0.163427
28 62 0.163427
28 31 0.163427
29 32 0.163427
29 33 0.163427
29 34 0.163427
29 67 0.163427
29 70 0.163427
29 65 0.163427
29 64 0.163427
29 63 0.163427
29 74 0.163427
29 71 0.163427
29 66 0.163427
29 21 0.163427
29 73 0.163427
29 24 0.163427
29 25 0.163427
29 26 0.163427
29 27 0.163427
29 62 0.163427
29 31 0.163427
30 32 0.163427
30 33 0.163427
30 34 0.163427
30 67 0.163427
30 70 0.163427
30 65 0.163427
30 64 0.163427
30 63 0.163427
30 74 0.163427
30 71 0.163427
30 66 0.163427
30 21 0.163427
30 73 0.163427
30 24 0.163427
30 25 0.163427
30 26 0.163427
30 27 0.163427
30 62 0.163427
30 31 0.163427
31 56 0.0515
31 75 0.0515
31 55 0.0515
31 76 0.0515
31 23 0.0515
32 56 0.0515
32 75 0.0515
32 55 0.0515
32 76 0.0515
32 23 0.0515
33 56 0.0515
33 75 0.0515
33 55 0.0515
33 76 0.0515
33 23 0.0515
34 56 0.0515
34 75 0.0515
34 55 0.0515
34 76 0.0515
34 23 0.0515
35 72 0.239506
35 77 0.239506
35 79 0.239506
35 80 0.239506
35 57 0.239506
35 58 0.239506
35 60 0.239506
36 72 0.239506
36 77 0.239506
36 79 0.239506
36 80 0.239506
36 57 0.239506
36 58 0.239506
36 60 0.239506
37 39 0.469151
37 41 0.469151
37 43 0.469151
37 45 0.469151
37 46 0.469151
37 15 0.469151
37 47 0.469151
38 44 0.490114
38 37 0.490114
39 16 0.141732
39 49 0.141732
39 50 0.141732
40 68 0.120875
40 69 0.120875
40 22 0.120875
40 28 0.120875
40 29 0.120875
40 30 0.120875
41 16 0.141732
41 49 0.141732
41 50 0.141732
42 17 0.479698
42 18 0.479698
42 51 0.479698
43 16 0.141732
43 49 0.141732
43 50 0.141732
44 39 0.469151
44 41 0.469151
44 43 0.469151
44 45 0.469151
44 46 0.469151
44 15 0.469151
44 47 0.469151
45 16 0.141732
45 49 0.141732
45 50 0.141732
46 16 0.141732
46 49 0.141732
46 50 0.141732
47 16 0.141732
47 49 0.141732
47 50 0.141732
48 20 0.460792
49 42 0.321453
50 42 0.321453
51 52 0.162333
52 48 0.810737
52 54 0.810737
53 68 0.120875
53 69 0.120875
53 22 0.120875
53 28 0.120875
53 29 0.120875
53 30 0.120875
54 20 0.460792
55 59 0.19316
55 35 0.19316
55 36 0.19316
55 78 0.19316
56 59 0.19316
56 35 0.19316
56 36 0.19316
56 78 0.19316
59 72 0.239506
59 77 0.239506
59 79 0.239506
59 80 0.239506
59 57 0.239506
59 58 0.239506
59 60 0.239506
61 68 0.120875
61 69 0.120875
61 22 0.120875
61 28 0.120875
61 29 0.120875
61 30 0.120875
62 56 0.0515
62 75 0.0515
62 55 0.0515
62 76 0.0515
62 23 0.0515
63 56 0.0515
63 75 0.0515
63 55 0.0515
63 76 0.0515
63 23 0.0515
64 56 0.0515
64 75 0.0515
64 55 0.0515
64 76 0.0515
64 23 0.0515
65 56 0.0515
65 75 0.0515
65 55 0.0515
65 76 0.0515
65 23 0.0515
66 56 0.0515
66 75 0.0515
66 55 0.0515
66 76 0.0515
66 23 0.0515
67 56 0.0515
67 75 0.0515
67 55 0.0515
67 76 0.0515
67 23 0.0515
68 32 0.163427
68 33 0.163427
68 34 0.163427
68 67 0.163427
68 70 0.163427
68 65 0.163427
68 64 0.163427
68 63 0.163427
68 74 0.163427
68 71 0.163427
68 66 0.163427
68 21 0.163427
68 73 0.163427
68 24 0.163427
68 25 0.163427
68 26 0.163427
68 27 0.163427
68 62 0.163427
68 31 0.163427
69 32 0.163427
69 33 0.163427
69 34 0.163427
69 67 0.163427
69 70 0.163427
69 65 0.163427
69 64 0.163427
69 63 0.163427
69 74 0.163427
69 71 0.163427
69 66 0.163427
69 21 0.163427
69 73 0.163427
69 24 0.163427
69 25 0.163427
69 26 0.163427
69 27 0.163427
69 62 0.163427
69 31 0.163427
70 56 0.0515
70 75 0.0515
70 55 0.0515
70 76 0.0515
70 23 0.0515
71 56 0.0515
71 75 0.0515
71 55 0.0515
71 76 0.0515
71 23 0.0515
73 56 0.0515
73 75 0.0515
73 55 0.0515
73 76 0.0515
73 23 0.0515
74 56 0.0515
74 75 0.0515
74 55 0.0515
74 76 0.0515
74 23 0.0515
75 59 0.19316
75 35 0.19316
75 36 0.19316
75 78 0.19316
76 59 0.19316
76 35 0.19316
76 36 0.19316
76 78 0.19316
78 72 0.239506
78 77 0.239506
78 79 0.239506
78 80 0.239506
78 57 0.239506
78 58 0.239506
78 60 0.239506
