3 4 0.205714549666
3 5 0.236065876666
3 6 0.553846864485
3 7 0.288000369532
3 9 0.479310470007
3 10 0.257143187082
3 11 0.327273147196
3 12 0.842777
3 13 0.326952168074
3 14 0.214925648905
3 15 0.142574440362
3 16 0.480000615887
3 17 0.228571721851
3 18 0.228571721851
3 19 0.342857582776
3 20 0.276923432242
3 21 0.236065876666
3 22 0.187013226969
3 23 0.214925648905
3 24 0.378947854647
3 25 0.175609981422
3 26 0.208695919951
3 27 0.533334017652
3 28 0.306383371843
3 29 0.225000288697
3 30 0.533334017652
3 31 0.360000461915
3 32 0.400000513239
3 33 0.360000461915
3 34 0.214925648905
3 35 0.236065876666
3 36 0.496552361262
3 37 0.496552361262
3 38 0.232258362526
3 39 0.480000615887
3 40 0.187013226969
3 41 0.480000615887
3 42 0.194594844278
3 43 0.20000025662
3 44 0.221538745794
3 45 0.464516725052
3 46 0.378947854647
3 47 0.208695919951
3 48 0.161797960411
3 49 0.389189688557
3 50 0.342857582776
3 51 0.197260527077
3 52 0.197260527077
3 53 0.202817161642
3 54 0.187013226969
3 55 0.228571721851
3 56 0.205714549666
3 57 0.360000461915
3 58 0.197260527077
3 59 0.133333504413
3 60 0.138461716121
3 61 0.389189688557
3 62 0.21818209813
3 63 0.187013226969
3 64 0.132110261253
3 65 0.205714549666
3 67 0.192000246355
3 69 0.113385972257
3 70 0.161797960411
3 71 0.135849230911
3 72 0.192000246355
3 73 0.114285860925
3 74 0.211764977597
3 75 0.228571721851
3 76 0.293877928094
3 77 0.189473927324
3 78 0.236065876666
3 79 0.464516725052
4 6 0.276923432242
4 7 0.276923432242
4 10 0.288000369532
4 14 1.10769372897
4 15 0.293877928094
4 16 0.276923432242
4 17 0.757895709295
4 18 0.169411982078
4 19 0.360000461915
4 20 0.553846864485
4 21 0.757895709295
4 22 0.192000246355
4 23 0.847059910388
4 24 0.327273147196
4 25 0.21818209813
4 26 1.10769372897
4 27 0.282353303463
4 28 0.436364196261
4 29 1.02857274833
4 30 0.282353303463
4 31 0.378947854647
4 32 0.342857582776
4 33 0.378947854647
4 34 0.177778005884
4 35 0.165517453754
4 36 0.282353303463
4 37 0.271698461823
4 38 0.1030220328
4 39 0.266667008826
4 40 1.30909258878
4 41 0.276923432242
4 42 1.44000184766
4 43 0.184615621495
4 44 0.158241961281
4 45 0.271698461823
4 46 0.342857582776
4 47 0.960001231774
4 48 0.12521755197
4 49 0.334884150619
4 50 0.378947854647
4 51 1.60000205296
4 52 1.60000205296
4 53 1.10769372897
4 54 0.192000246355
4 55 0.626087759852
4 56 0.900001154788
4 57 0.327273147196
4 58 1.30909258878
4 59 0.327273147196
4 61 0.228571721851
4 62 0.800001026478
4 63 0.139806004627
4 65 1.20000153972
4 67 0.177778005884
4 70 0.169411982078
4 71 0.288000369532
4 72 1.60000205296
4 74 0.153191685921
4 75 0.161797960411
4 76 0.436364196261
4 77 1.44000184766
4 78 0.685715165553
4 79 0.271698461823
5 4 0.685293709966
5 6 0.389053887735
5 7 0.389053887735
5 10 0.399857064533
5 11 0.496552361262
5 14 0.7778363633
5 15 0.327273147196
5 16 0.351219962844
5 17 1.80000230958
5 18 0.189473927324
5 19 0.464516725052
5 20 0.847059910388
5 21 1.44000184766
5 22 0.21818209813
5 23 2.40000307943
5 24 0.411429099332
5 25 0.252631903098
5 26 1.80000230958
5 27 0.342857582776
5 28 0.600000769859
5 29 2.88000369532
5 30 0.342857582776
5 31 0.496552361262
5 32 0.436364196261
5 33 0.496552361262
5 34 0.20000025662
5 35 0.184615621495
5 36 0.360000461915
5 37 0.327273147196
5 38 1.60000205296
5 39 0.320000410591
5 40 0.900001154788
5 41 0.351219962844
5 42 1.10769372897
5 43 0.208695919951
5 44 0.175609981422
5 45 0.342857582776
5 46 0.436364196261
5 47 1.80000230958
5 48 0.135849230911
5 49 0.423529955194
5 50 0.496552361262
5 51 1.20000153972
5 52 0.900001154788
5 53 1.44000184766
5 54 0.21818209813
5 55 1.20000153972
5 56 1.60000205296
5 57 0.436364196261
5 58 1.20000153972
5 59 0.282353303463
5 60 0.119008417162
5 61 0.266667008826
5 62 1.60000205296
5 63 0.153191685921
5 64 0.114285860925
5 65 1.10769372897
5 67 0.20000025662
5 70 0.189473927324
5 71 0.293877928094
5 72 1.02857274833
5 74 0.169411982078
5 75 0.180000230958
5 76 0.600000769859
5 77 0.960001231774
5 78 1.44000184766
5 79 0.342857582776
6 4 0.276923432242
6 7 0.450000577394
6 10 0.378947854647
6 14 0.293877928094
6 15 0.173494198513
6 16 1.20000153972
6 17 0.320000410591
6 18 0.320000410591
6 19 0.600000769859
6 20 0.423529955194
6 21 0.334884150619
6 22 0.244068109773
6 23 0.293877928094
6 24 0.72000092383
6 25 0.225000288697
6 26 0.282353303463
6 27 1.60000205296
6 28 0.496552361262
6 29 0.313043879926
6 30 1.60000205296
6 31 0.654546294391
6 32 0.800001026478
6 33 0.654546294391
6 34 0.293877928094
6 35 0.334884150619
6 36 1.30909258878
6 37 1.30909258878
6 38 0.0942556983906
6 39 1.20000153972
6 40 0.244068109773
6 41 1.20000153972
6 42 0.257143187082
6 43 0.266667008826
6 44 0.351219962844
6 45 1.10769372897
6 46 0.72000092383
6 47 0.282353303463
6 48 0.221538745794
6 49 0.757895709295
6 50 0.600000769859
6 51 0.261818517756
6 52 0.261818517756
6 53 0.271698461823
6 54 0.244068109773
6 55 0.320000410591
6 56 0.276923432242
6 57 0.654546294391
6 58 0.261818517756
6 59 0.160000205296
6 60 0.167442075309
6 61 1.10769372897
6 62 0.300000384929
6 63 0.271698461823
6 64 0.169411982078
6 65 0.276923432242
6 66 0.124138090316
6 67 0.252631903098
6 68 0.129729896186
6 69 0.139806004627
6 70 0.202817161642
6 71 0.163636573598
6 72 0.252631903098
6 73 0.141176651731
6 74 0.327273147196
6 75 0.320000410591
6 76 0.464516725052
6 77 0.248276180631
6 78 0.334884150619
6 79 1.10769372897
7 4 0.276923432242
7 6 0.450000577394
7 10 1.02857274833
7 14 0.293877928094
7 15 0.271698461823
7 16 0.423529955194
7 17 0.320000410591
7 18 0.411429099332
7 19 0.600000769859
7 20 0.423529955194
7 21 0.334884150619
7 22 0.496552361262
7 23 0.293877928094
7 24 0.600000769859
7 25 0.423529955194
7 26 0.282353303463
7 27 0.464516725052
7 28 0.496552361262
7 29 0.313043879926
7 30 0.464516725052
7 31 0.654546294391
7 32 0.654546294391
7 33 0.654546294391
7 34 0.464516725052
7 35 0.389189688557
7 36 0.436364196261
7 37 0.436364196261
7 38 0.0942556983906
7 39 0.423529955194
7 40 0.244068109773
7 41 0.423529955194
7 42 0.257143187082
7 43 0.514286374164
7 44 0.351219962844
7 45 0.411429099332
7 46 0.654546294391
7 47 0.282353303463
7 48 0.221538745794
7 49 0.626087759852
7 50 0.600000769859
7 51 0.261818517756
7 52 0.261818517756
7 53 0.271698461823
7 54 0.496552361262
7 55 0.320000410591
7 56 0.276923432242
7 57 0.553846864485
7 58 0.261818517756
7 59 0.240000307943
7 60 0.180000230958
7 61 0.334884150619
7 62 0.300000384929
7 63 0.271698461823
7 64 0.169411982078
7 65 0.276923432242
7 66 0.124138090316
7 67 0.464516725052
7 68 0.129729896186
7 69 0.139806004627
7 70 0.351219962844
7 71 0.248276180631
7 72 0.252631903098
7 73 0.141176651731
7 74 0.327273147196
7 75 0.36923124299
7 76 0.464516725052
7 77 0.248276180631
7 78 0.334884150619
7 79 0.411429099332
9 4 0.36923124299
9 5 0.388271018489
9 6 0.576000739064
9 7 0.576000739064
9 10 1.10769372897
9 11 0.585663150616
9 13 0.450000577394
9 14 0.514286374164
9 15 0.232258362526
9 16 0.757895709295
9 17 0.600000769859
9 18 0.288000369532
9 19 2.88000369532
9 20 1.10769372897
9 21 0.654546294391
9 22 0.360000461915
9 23 0.514286374164
9 24 1.60000205296
9 25 0.334884150619
9 26 0.480000615887
9 27 0.900001154788
9 28 1.80000230958
9 29 0.576000739064
9 30 0.900001154788
9 31 4.80000615887
9 32 2.05714549666
9 33 4.80000615887
9 34 0.313043879926
9 35 0.276923432242
9 36 0.800001026478
9 37 0.800001026478
9 38 0.626087759852
9 39 0.757895709295
9 40 0.378947854647
9 41 0.757895709295
9 42 0.411429099332
9 43 0.334884150619
9 44 0.257143187082
9 45 0.72000092383
9 46 2.05714549666
9 47 0.480000615887
9 48 0.180000230958
9 49 1.80000230958
9 50 4.80000615887
9 51 0.423529955194
9 52 0.423529955194
9 53 0.450000577394
9 54 0.360000461915
9 55 0.600000769859
9 56 0.464516725052
9 57 1.30909258878
9 58 0.423529955194
9 59 0.208695919951
9 60 0.151579141859
9 61 0.514286374164
9 62 0.533334017652
9 63 0.211764977597
9 64 0.144000184766
9 65 0.464516725052
9 67 0.313043879926
9 68 0.114285860925
9 69 0.122034054886
9 70 0.288000369532
9 71 0.214925648905
9 72 0.400000513239
9 73 0.123077080997
9 74 0.244068109773
9 75 0.266667008826
9 76 1.44000184766
9 77 0.389189688557
9 78 0.654546294391
9 79 0.72000092383
10 4 0.288000369532
10 6 0.378947854647
10 7 1.02857274833
10 14 0.36923124299
10 15 0.293877928094
10 16 0.450000577394
10 17 0.411429099332
10 18 0.36923124299
10 19 0.800001026478
10 20 0.600000769859
10 21 0.436364196261
10 22 0.496552361262
10 23 0.36923124299
10 24 0.654546294391
10 25 0.480000615887
10 26 0.351219962844
10 27 0.496552361262
10 28 0.757895709295
10 29 0.400000513239
10 30 0.496552361262
10 31 0.900001154788
10 32 0.72000092383
10 33 0.900001154788
10 34 0.411429099332
10 35 0.351219962844
10 36 0.464516725052
10 37 0.464516725052
10 38 0.0974448370668
10 39 0.450000577394
10 40 0.293877928094
10 41 0.450000577394
10 42 0.313043879926
10 43 0.450000577394
10 44 0.320000410591
10 45 0.436364196261
10 46 0.72000092383
10 47 0.351219962844
10 48 0.208695919951
10 49 0.685715165553
10 50 0.900001154788
10 51 0.320000410591
10 52 0.320000410591
10 53 0.334884150619
10 54 0.496552361262
10 55 0.411429099332
10 56 0.342857582776
10 57 0.600000769859
10 58 0.320000410591
10 59 0.257143187082
10 60 0.171428791388
10 61 0.351219962844
10 62 0.378947854647
10 63 0.252631903098
10 64 0.161797960411
10 65 0.342857582776
10 66 0.120000153972
10 67 0.411429099332
10 68 0.12521755197
10 69 0.134579611931
10 70 0.36923124299
10 71 0.266667008826
10 72 0.306383371843
10 73 0.135849230911
10 74 0.300000384929
10 75 0.334884150619
10 76 0.685715165553
10 77 0.300000384929
10 78 0.436364196261
10 79 0.436364196261
11 4 0.41723564866
11 5 0.496552361262
11 6 0.505034945649
11 7 0.505034945649
11 10 0.612430167738
11 14 0.496331322699
11 15 0.236065876666
11 16 0.72000092383
11 17 0.626087759852
11 18 0.282353303463
11 19 2.40000307943
11 20 1.20000153972
11 21 0.685715165553
11 22 0.351219962844
11 23 0.533334017652
11 24 1.44000184766
11 25 0.342857582776
11 26 0.496552361262
11 27 0.847059910388
11 28 2.05714549666
11 29 0.600000769859
11 30 0.847059910388
11 31 3.60000461915
11 32 1.80000230958
11 33 3.60000461915
11 34 0.306383371843
11 35 0.271698461823
11 36 0.757895709295
11 37 0.757895709295
11 38 0.654546294391
11 39 0.72000092383
11 40 0.389189688557
11 41 0.72000092383
11 42 0.423529955194
11 43 0.327273147196
11 44 0.252631903098
11 45 0.685715165553
11 46 1.80000230958
11 47 0.496552361262
11 48 0.177778005884
11 49 1.60000205296
11 50 3.60000461915
11 51 0.436364196261
11 52 0.436364196261
11 53 0.464516725052
11 54 0.351219962844
11 55 0.626087759852
11 56 0.480000615887
11 57 1.20000153972
11 58 0.436364196261
11 59 0.211764977597
11 60 0.150000192465
11 61 0.496552361262
11 62 0.553846864485
11 63 0.208695919951
11 64 0.142574440362
11 65 0.480000615887
11 67 0.306383371843
11 68 0.113385972257
11 69 0.121008558627
11 70 0.282353303463
11 71 0.21818209813
11 72 0.411429099332
11 73 0.122034054886
11 74 0.240000307943
11 75 0.261818517756
11 76 1.60000205296
11 77 0.400000513239
11 78 0.685715165553
11 79 0.685715165553
12 5 0.325976
12 11 0.325976
12 18 0.132110261253
12 22 0.117073320948
12 25 0.112500144348
12 34 0.127433791828
12 35 0.134579611931
12 43 0.122034054886
12 44 0.137143033111
12 48 0.173494198513
12 54 0.117073320948
12 60 0.153191685921
12 63 0.151579141859
12 64 0.165517453754
12 66 0.450000577394
12 67 0.119008417162
12 68 0.121008558627
12 69 0.137143033111
12 70 0.127433791828
12 73 0.313043879926
12 74 0.141176651731
12 75 0.132110261253
12 80 0.173494198513
13 4 1.60000205296
13 5 0.531610340316
13 6 0.271698461823
13 7 0.271698461823
13 9 0.450000577394
13 10 0.334884150619
13 11 0.383106129043
13 14 3.60000461915
13 15 0.342857582776
13 16 0.334884150619
13 17 1.44000184766
13 18 0.184615621495
13 19 0.436364196261
13 20 0.757895709295
13 21 1.20000153972
13 22 0.211764977597
13 23 1.80000230958
13 24 0.389189688557
13 25 0.244068109773
13 26 3.60000461915
13 27 0.327273147196
13 28 0.553846864485
13 29 2.05714549666
13 30 0.327273147196
13 31 0.464516725052
13 32 0.411429099332
13 33 0.464516725052
13 34 0.194594844278
13 35 0.180000230958
13 36 0.342857582776
13 37 0.313043879926
13 38 1.30909258878
13 39 0.306383371843
13 40 2.40000307943
13 41 0.334884150619
13 42 4.80000615887
13 43 0.202817161642
13 44 0.171428791388
13 45 0.327273147196
13 46 0.411429099332
13 47 2.40000307943
13 48 0.133333504413
13 49 0.400000513239
13 50 0.464516725052
13 51 7.2000092383
13 52 2.40000307943
13 53 3.60000461915
13 54 0.211764977597
13 55 1.02857274833
13 56 2.05714549666
13 57 0.411429099332
13 58 7.2000092383
13 59 0.351219962844
13 60 0.117073320948
13 61 0.257143187082
13 62 1.30909258878
13 63 0.150000192465
13 64 0.112500144348
13 65 2.88000369532
13 67 0.194594844278
13 70 0.184615621495
13 71 0.334884150619
13 72 3.60000461915
13 74 0.165517453754
13 75 0.175609981422
13 76 0.553846864485
13 77 2.88000369532
13 78 1.20000153972
13 79 0.327273147196
14 4 1.10769372897
14 6 0.293877928094
14 7 0.293877928094
14 10 0.36923124299
14 15 0.378947854647
14 16 0.36923124299
14 17 2.40000307943
14 18 0.194594844278
14 19 0.496552361262
14 20 0.960001231774
14 21 1.80000230958
14 22 0.225000288697
14 23 3.60000461915
14 24 0.436364196261
14 25 0.261818517756
14 26 7.2000092383
14 27 0.360000461915
14 28 0.654546294391
14 29 4.80000615887
14 30 0.360000461915
14 31 0.533334017652
14 32 0.464516725052
14 33 0.533334017652
14 34 0.205714549666
14 35 0.189473927324
14 36 0.378947854647
14 37 0.342857582776
14 38 0.107241854192
14 39 0.334884150619
14 40 1.44000184766
14 41 0.36923124299
14 42 2.05714549666
14 43 0.214925648905
14 44 0.180000230958
14 45 0.360000461915
14 46 0.464516725052
14 47 7.2000092383
14 48 0.138461716121
14 49 0.450000577394
14 50 0.533334017652
14 51 2.40000307943
14 52 1.44000184766
14 53 3.60000461915
14 54 0.225000288697
14 55 1.44000184766
14 56 4.80000615887
14 57 0.464516725052
14 58 2.40000307943
14 59 0.320000410591
14 60 0.121008558627
14 61 0.276923432242
14 62 2.05714549666
14 63 0.156521939963
14 64 0.116129181263
14 65 2.05714549666
14 67 0.205714549666
14 70 0.194594844278
14 71 0.334884150619
14 72 1.80000230958
14 74 0.173494198513
14 75 0.184615621495
14 76 0.654546294391
14 77 1.60000205296
14 78 1.80000230958
14 79 0.360000461915
15 16 0.161254105066
15 17 0.327273147196
15 18 0.378947854647
15 19 0.228571721851
15 20 0.293877928094
15 21 0.342857582776
15 22 0.514286374164
15 23 0.342857582776
15 24 0.214925648905
15 25 0.757895709295
15 26 0.360000461915
15 27 0.194594844278
15 28 0.257143187082
15 29 0.36923124299
15 30 0.194594844278
15 31 0.236065876666
15 32 0.221538745794
15 33 0.236065876666
15 34 0.423529955194
15 35 0.360000461915
15 36 0.189473927324
15 39 0.187013226969
15 40 0.300000384929
15 41 0.187013226969
15 42 0.320000410591
15 43 0.464516725052
15 45 0.184615621495
15 46 0.221538745794
15 47 0.360000461915
15 48 0.211764977597
15 49 0.171837587318
15 50 0.177121635129
15 51 0.327273147196
15 52 0.327273147196
15 53 0.342857582776
15 54 0.514286374164
15 55 0.300000384929
15 56 0.351219962844
15 57 0.208695919951
15 58 0.327273147196
15 59 1.60000205296
15 60 0.173494198513
15 61 0.167442075309
15 62 0.351219962844
15 63 0.257143187082
15 64 0.163636573598
15 65 0.351219962844
15 66 0.121008558627
15 67 0.423529955194
15 68 0.126315951549
15 69 0.135849230911
15 70 0.378947854647
15 71 2.05714549666
15 72 0.313043879926
15 73 0.137143033111
15 74 0.306383371843
15 75 0.342857582776
15 76 0.257143187082
15 77 0.306383371843
15 78 0.313043879926
15 79 0.184615621495
16 17 0.411429099332
16 18 0.36923124299
16 19 0.800001026478
16 20 0.514286374164
16 21 0.389189688557
16 22 0.271698461823
16 23 0.36923124299
16 24 1.02857274833
16 25 0.248276180631
16 26 0.351219962844
16 27 4.80000615887
16 28 0.626087759852
16 29 0.378947854647
16 30 4.80000615887
16 31 0.900001154788
16 32 1.20000153972
16 33 0.900001154788
16 34 0.334884150619
16 35 0.36923124299
16 36 14.4000184766
16 40 0.293877928094
16 42 0.317192716048
16 48 0.214925648905
16 49 1.10769372897
16 50 0.800001026478
16 51 0.320000410591
16 52 0.293877928094
16 53 0.334884150619
16 54 0.271698461823
16 55 0.411429099332
16 56 0.342857582776
16 57 1.20000153972
16 58 0.320000410591
16 59 0.171428791388
16 60 0.175609981422
16 61 0.960001231774
16 62 0.342857582776
16 63 0.261818517756
16 64 0.165517453754
16 65 0.313043879926
16 66 0.122034054886
16 67 0.282353303463
16 68 0.127433791828
16 69 0.137143033111
16 70 0.221538745794
16 71 0.175609981422
16 72 0.306383371843
16 73 0.138461716121
16 74 0.313043879926
16 75 0.351219962844
16 76 0.576000739064
16 77 0.300000384929
16 78 0.436364196261
16 79 4.80000615887
17 18 0.205714549666
17 19 0.576000739064
17 20 1.30909258878
17 21 3.60000461915
17 22 0.240000307943
17 23 2.40000307943
17 24 0.496552361262
17 25 0.282353303463
17 26 1.80000230958
17 27 0.400000513239
17 28 0.800001026478
17 29 2.88000369532
17 30 0.400000513239
17 31 0.626087759852
17 32 0.533334017652
17 33 0.626087759852
17 34 0.21818209813
17 35 0.20000025662
17 36 0.423529955194
17 40 1.02857274833
17 48 0.144000184766
17 51 1.20000153972
17 52 0.275054486014
17 53 1.80000230958
17 54 0.240000307943
17 55 2.40000307943
17 56 2.05714549666
17 57 0.533334017652
17 58 1.20000153972
17 59 0.282353303463
17 60 0.12521755197
17 61 0.300000384929
17 62 1.60000205296
17 63 0.163636573598
17 64 0.120000153972
17 65 1.10769372897
17 67 0.21818209813
17 70 0.205714549666
17 71 0.293877928094
17 72 1.02857274833
17 74 0.182278714894
17 75 0.194594844278
17 76 0.800001026478
17 77 0.960001231774
17 78 3.60000461915
17 79 0.423529955194
18 17 0.205714549666
18 19 0.293877928094
18 20 0.244068109773
18 21 0.211764977597
18 22 1.02857274833
18 23 0.194594844278
18 24 0.320000410591
18 25 0.757895709295
18 26 0.189473927324
18 27 0.400000513239
18 28 0.266667008826
18 29 0.202817161642
18 30 0.400000513239
18 31 0.306383371843
18 32 0.334884150619
18 33 0.306383371843
18 34 3.60000461915
18 35 7.2000092383
18 36 0.378947854647
18 40 0.171428791388
18 48 0.480000615887
18 51 0.180000230958
18 52 0.170710727734
18 53 0.184615621495
18 54 1.02857274833
18 55 0.205714549666
18 56 0.187013226969
18 57 0.306383371843
18 58 0.180000230958
18 59 0.320000410591
18 60 0.320000410591
18 61 0.300000384929
18 62 0.197260527077
18 63 0.800001026478
18 64 0.288000369532
18 65 0.187013226969
18 66 0.177778005884
18 67 1.20000153972
18 68 0.189473927324
18 69 0.211764977597
18 70 0.553846864485
18 71 0.334884150619
18 72 0.175609981422
18 73 0.214925648905
18 74 1.60000205296
18 75 3.60000461915
18 76 0.257143187082
18 77 0.173494198513
18 78 0.211764977597
18 79 0.360000461915
19 21 0.626087759852
19 22 0.18212714951
19 23 0.496552361262
19 24 1.80000230958
19 25 0.327273147196
19 26 0.464516725052
19 27 0.960001231774
19 28 0.224769396302
19 29 0.198440997005
19 30 0.214714960843
19 31 7.2000092383
19 32 2.40000307943
19 33 7.2000092383
19 34 0.320000410591
19 35 0.282353303463
19 36 0.847059910388
19 40 0.36923124299
19 53 0.436364196261
19 55 0.576000739064
19 56 0.450000577394
19 57 1.44000184766
19 58 0.411429099332
19 59 0.205714549666
19 60 0.153191685921
19 61 0.533334017652
19 62 0.514286374164
19 63 0.214925648905
19 64 0.145454732087
19 65 0.450000577394
19 67 0.320000410591
19 68 0.117969366923
19 69 0.121966101742
19 70 0.282353303463
19 71 0.211764977597
19 72 0.389189688557
19 73 0.124138090316
19 74 0.248276180631
19 75 0.271698461823
19 76 1.30909258878
19 77 0.378947854647
19 78 0.626087759852
19 79 0.757895709295
20 19 0.876398120166
20 21 1.60000205296
20 22 0.293877928094
20 23 0.960001231774
20 24 0.800001026478
20 25 0.360000461915
20 26 0.847059910388
20 27 0.576000739064
20 28 2.05714549666
20 29 1.20000153972
20 30 0.576000739064
20 31 1.20000153972
20 32 0.900001154788
20 33 1.20000153972
20 34 0.261818517756
20 35 0.236065876666
20 36 0.533334017652
20 40 0.656608348512
20 53 0.760661722837
20 55 1.30909258878
20 56 0.800001026478
20 57 0.72000092383
20 58 0.685715165553
20 59 0.257143187082
20 60 0.138461716121
20 61 0.51555851817
20 62 1.02857274833
20 63 0.187013226969
20 64 0.132110261253
20 65 0.800001026478
20 67 0.261818517756
20 69 0.113385972257
20 70 0.244068109773
20 71 0.266667008826
20 72 0.626087759852
20 73 0.114285860925
20 74 0.211764977597
20 75 0.228571721851
20 76 2.05714549666
20 77 0.600000769859
20 78 1.60000205296
20 79 0.496552361262
21 23 0.100135029229
21 24 0.533334017652
21 25 0.293877928094
21 26 1.44000184766
21 27 0.423529955194
21 31 0.685715165553
21 32 0.576000739064
21 33 0.685715165553
21 34 0.225000288697
21 35 0.205714549666
21 36 0.400000513239
21 55 0.100135029229
21 56 0.0991013311084
21 57 0.496552361262
21 58 1.02857274833
21 59 0.293877928094
21 60 0.127433791828
21 62 2.05714549666
21 63 0.167442075309
21 64 0.122034054886
21 65 1.30909258878
21 67 0.225000288697
21 70 0.211764977597
21 71 0.306383371843
21 72 0.900001154788
21 74 0.187013226969
21 75 0.0819085702286
21 76 0.0974251250003
21 77 0.847059910388
21 78 2.40000307943
21 79 0.378947854647
22 21 0.197108175408
22 23 0.240000307943
22 24 0.219658388199
22 25 0.296562580808
22 26 0.186876287415
22 27 0.208525399957
22 28 0.327273147196
22 29 0.236065876666
22 30 0.288000369532
22 31 0.230192480788
22 32 0.223060968049
22 33 0.230192480788
22 34 0.29353991267
22 35 0.900001154788
22 36 0.276923432242
22 55 0.240000307943
22 56 0.214925648905
22 57 0.320000410591
22 58 0.205714549666
22 59 0.411429099332
22 60 0.244068109773
22 62 0.190586288703
22 63 0.239774822887
22 64 0.189333361743
22 65 0.18567151109
22 66 0.157280262984
22 67 0.29353991267
22 68 0.160000205296
22 69 0.175609981422
22 70 0.276623273629
22 71 0.23779505917
22 72 0.20000025662
22 73 0.1703007029
22 74 0.259196279873
22 75 0.800001026478
22 76 0.313043879926
22 77 0.197260527077
22 78 0.248276180631
22 79 0.266667008826
23 35 0.191299208922
23 36 0.2558873017
23 72 1.20000153972
23 75 0.184615621495
23 76 0.654546294391
23 77 1.10769372897
23 78 0.348881216996
23 79 0.360000461915
23 55 1.44000184766
23 56 2.05714549666
23 57 0.464516725052
23 58 1.44000184766
23 59 0.233104886976
23 60 0.121008558627
24 21 0.533334017652
24 23 0.0921270971704
24 25 0.300000384929
24 26 0.411429099332
24 27 1.30909258878
24 31 2.40000307943
24 32 7.2000092383
24 33 2.40000307943
24 34 0.351219962844
24 35 0.306383371843
24 36 1.10769372897
24 55 0.0933211802832
24 56 0.0912513976298
24 57 2.40000307943
24 58 0.36923124299
24 59 0.194594844278
24 60 0.160000205296
24 62 0.450000577394
24 63 0.228571721851
24 64 0.151579141859
24 65 0.400000513239
24 66 0.114285860925
24 67 0.351219962844
24 70 0.261818517756
24 71 0.20000025662
24 72 0.351219962844
24 73 0.128571593541
24 74 0.266667008826
24 75 0.0876414620955
24 76 0.0977558145918
24 77 0.342857582776
24 78 0.533334017652
24 79 0.960001231774
25 21 0.293877928094
25 23 0.0860699441642
25 24 0.300000384929
25 26 0.252631903098
25 27 0.261818517756
25 31 0.342857582776
25 32 0.313043879926
25 33 0.342857582776
25 34 0.960001231774
25 35 0.685715165553
25 36 0.252631903098
25 55 0.0871112849716
25 56 0.0853051318192
25 57 0.288000369532
25 58 0.236065876666
25 59 0.553846864485
25 60 0.225000288697
25 62 0.266667008826
25 63 0.389189688557
25 64 0.208695919951
25 65 0.248276180631
25 66 0.144000184766
25 67 0.960001231774
25 70 0.757895709295
25 71 0.600000769859
25 72 0.228571721851
25 73 0.167442075309
25 74 0.514286374164
25 75 0.0951714937691
25 76 0.0909631855754
25 77 0.225000288697
25 78 0.293877928094
25 79 0.244068109773
26 21 1.44000184766
26 23 0.100836225439
26 24 0.411429099332
26 25 0.252631903098
26 27 0.342857582776
26 31 0.496552361262
26 32 0.436364196261
26 33 0.496552361262
26 34 0.20000025662
26 35 0.184615621495
26 36 0.360000461915
26 55 0.0987614914312
26 56 0.101190519081
26 57 0.436364196261
26 58 2.40000307943
26 59 0.320000410591
26 60 0.119008417162
26 62 1.60000205296
26 63 0.153191685921
26 64 0.114285860925
26 65 2.05714549666
26 67 0.20000025662
26 70 0.189473927324
26 71 0.334884150619
26 72 1.80000230958
26 74 0.169411982078
26 75 0.0800864159485
26 76 0.0948580295751
26 77 1.60000205296
26 78 1.44000184766
26 79 0.342857582776
27 21 0.423529955194
27 23 0.0901093704845
27 24 1.30909258878
27 25 0.261818517756
27 26 0.342857582776
27 31 1.10769372897
27 32 1.60000205296
27 33 1.10769372897
27 34 0.360000461915
27 35 0.400000513239
27 36 7.2000092383
27 55 0.0912513976298
27 56 0.0892714348104
27 57 1.10769372897
27 58 0.313043879926
27 59 0.177778005884
27 60 0.182278714894
27 62 0.36923124299
27 63 0.276923432242
27 64 0.171428791388
27 65 0.334884150619
27 66 0.12521755197
27 67 0.300000384929
27 70 0.232258362526
27 71 0.182278714894
27 72 0.300000384929
27 73 0.142574440362
27 74 0.334884150619
27 75 0.0906767883897
27 76 0.0954870365553
27 77 0.293877928094
27 78 0.423529955194
27 79 3.60000461915
28 21 0.276623273629
28 22 0.327273147196
28 23 0.654546294391
28 24 0.284830636333
28 25 0.230192480788
28 26 0.25688435681
28 27 0.26638866127
28 29 0.757895709295
28 30 0.72000092383
28 31 0.302798595937
28 32 0.290578239008
28 33 0.302798595937
28 34 0.208525399957
28 35 0.257143187082
28 36 0.654546294391
28 55 0.800001026478
28 56 0.576000739064
28 57 0.960001231774
28 58 0.514286374164
28 59 0.228571721851
28 60 0.145454732087
28 62 0.2639472562
28 63 0.179873365815
28 64 0.149912081321
28 65 0.254613311917
28 66 0.163427
28 67 0.208525399957
28 69 0.118032938333
28 70 0.202656109395
28 71 0.193142557874
28 72 0.480000615887
28 73 0.137724856089
28 74 0.190586288703
28 75 0.248276180631
28 76 3.60000461915
28 77 0.464516725052
28 78 0.900001154788
28 79 0.600000769859
29 21 0.309302501706
29 22 0.236065876666
29 23 4.80000615887
29 24 0.243834920093
29 25 0.205548864937
29 26 0.309302501706
29 27 0.230192480788
29 28 0.757895709295
29 30 0.389189688557
29 31 0.25688435681
29 32 0.248034884583
29 33 0.25688435681
29 34 0.18567151109
29 35 0.197260527077
29 36 0.389189688557
29 55 1.60000205296
29 56 2.40000307943
29 57 0.480000615887
29 58 1.60000205296
29 59 0.313043879926
29 60 0.124138090316
29 62 0.312660366619
29 63 0.162608400306
29 64 0.137724856089
29 65 0.299648147262
29 66 0.163427
29 67 0.18567151109
29 70 0.181003842503
29 71 0.217995730926
29 72 1.30909258878
29 73 0.163427
29 74 0.171313717102
29 75 0.192000246355
29 76 0.757895709295
29 77 1.20000153972
29 78 2.05714549666
29 79 0.36923124299
30 21 0.235847720604
30 22 0.288000369532
30 23 0.360000461915
30 24 0.290578239008
30 25 0.201240051287
30 26 0.221346602629
30 27 0.280940703628
30 28 0.72000092383
30 29 0.389189688557
30 31 0.284830636333
30 32 0.296562580808
30 33 0.284830636333
30 34 0.224802096834
30 35 0.400000513239
30 36 7.2000092383
30 55 0.400000513239
30 56 0.334884150619
30 57 1.10769372897
30 58 0.313043879926
30 59 0.177778005884
30 60 0.182278714894
30 62 0.226570620627
30 63 0.205548864937
30 64 0.167332289366
30 65 0.219658388199
30 66 0.141793279839
30 67 0.211589407541
30 68 0.130909258878
30 69 0.141176651731
30 70 0.191855908797
30 71 0.172338855018
30 72 0.300000384929
30 73 0.152290218226
30 74 0.219658388199
30 75 0.378947854647
30 76 0.654546294391
30 77 0.293877928094
30 78 0.423529955194
30 79 3.60000461915
31 21 0.685715165553
31 23 0.0939299051699
31 24 2.40000307943
31 25 0.342857582776
31 26 0.496552361262
31 27 1.10769372897
31 32 3.60000461915
31 33 1.0
31 34 0.334884150619
31 35 0.293877928094
31 36 0.960001231774
31 55 0.0951714937691
31 56 0.093019766974
31 57 1.80000230958
31 58 0.436364196261
31 59 0.211764977597
31 60 0.156521939963
31 62 0.553846864485
31 63 0.221538745794
31 64 0.148453798728
31 65 0.480000615887
31 66 0.112500144348
31 67 0.334884150619
31 70 0.293877928094
31 71 0.21818209813
31 72 0.411429099332
31 73 0.126315951549
31 74 0.257143187082
31 75 0.0871112849716
31 76 0.0997880754429
31 77 0.400000513239
31 78 0.685715165553
31 79 0.847059910388
32 21 0.576000739064
32 23 0.0927202944353
32 24 7.2000092383
32 25 0.313043879926
32 26 0.436364196261
32 27 1.60000205296
32 31 3.60000461915
32 33 3.60000461915
32 34 0.36923124299
32 35 0.320000410591
32 36 1.30909258878
32 55 0.0939299051699
32 56 0.0918333357886
32 57 3.60000461915
32 58 0.389189688557
32 59 0.20000025662
32 60 0.163636573598
32 62 0.480000615887
32 63 0.236065876666
32 64 0.154838908351
32 65 0.423529955194
32 66 0.116129181263
32 67 0.36923124299
32 70 0.271698461823
32 71 0.205714549666
32 72 0.36923124299
32 73 0.130909258878
32 74 0.276923432242
32 75 0.0881781322706
32 76 0.0984239745545
32 77 0.360000461915
32 78 0.576000739064
32 79 1.10769372897
33 21 0.685715165553
33 23 0.0939299051699
33 24 2.40000307943
33 25 0.342857582776
33 26 0.496552361262
33 27 1.10769372897
33 31 1.0
33 32 3.60000461915
33 34 0.334884150619
33 35 0.293877928094
33 36 0.960001231774
33 55 0.0951714937691
33 56 0.093019766974
33 57 1.80000230958
33 58 0.436364196261
33 59 0.211764977597
33 60 0.156521939963
33 62 0.553846864485
33 63 0.221538745794
33 64 0.148453798728
33 65 0.480000615887
33 66 0.112500144348
33 67 0.334884150619
33 70 0.293877928094
33 71 0.21818209813
33 72 0.411429099332
33 73 0.126315951549
33 74 0.257143187082
33 75 0.0871112849716
33 76 0.0997880754429
33 77 0.400000513239
33 78 0.685715165553
33 79 0.847059910388
34 21 0.225000288697
34 23 0.0823771386304
34 24 0.351219962844
34 25 0.960001231774
34 26 0.20000025662
34 27 0.360000461915
34 31 0.334884150619
34 32 0.36923124299
34 33 0.334884150619
34 35 2.40000307943
34 36 0.342857582776
34 55 0.083330544605
34 56 0.0816762793023
34 57 0.334884150619
34 58 0.189473927324
34 59 0.351219962844
34 60 0.293877928094
34 62 0.208695919951
34 63 0.654546294391
34 64 0.266667008826
34 65 0.197260527077
34 66 0.169411982078
34 67 1.80000230958
34 70 0.654546294391
34 71 0.36923124299
34 72 0.184615621495
34 73 0.202817161642
34 74 1.10769372897
34 75 0.100135029229
34 76 0.0868485945909
34 77 0.182278714894
34 78 0.225000288697
34 79 0.327273147196
35 36 0.378947854647
35 72 0.19982841546
35 77 0.198451464391
35 78 0.205714549666
35 79 0.287644174363
35 80 0.153090848014
35 57 0.26392068954
35 58 0.202640447936
35 59 0.306383371843
35 60 0.27927624905
36 35 0.378947854647
36 72 0.271381427196
36 77 0.268848084032
36 78 0.450000577394
36 79 0.463590800581
36 80 0.239506
36 57 0.404928083804
36 58 0.27659409412
36 59 0.173494198513
36 60 0.204076353164
37 15 0.269931728333
37 16 2.88000369532
37 17 0.378947854647
37 18 0.378947854647
37 19 0.847059910388
37 20 0.533334017652
37 21 0.400000513239
37 22 0.276923432242
37 23 0.342857582776
37 24 1.10769372897
37 25 0.252631903098
37 26 0.327273147196
37 27 7.2000092383
37 28 0.654546294391
37 29 0.36923124299
37 30 7.2000092383
37 31 0.960001231774
37 32 1.30909258878
37 33 0.960001231774
37 34 0.342857582776
37 35 0.378947854647
37 36 3.60000461915
37 39 0.854758217127
37 40 0.288000369532
37 41 0.854758217127
37 42 0.306383371843
37 43 0.380480882665
37 44 0.360000461915
37 45 0.830121000598
37 46 0.69075136949
37 47 0.396182949858
37 48 0.225000288697
37 49 1.44000184766
37 50 0.960001231774
37 51 0.313043879926
37 52 0.313043879926
37 53 0.327273147196
37 54 0.288000369532
37 55 0.400000513239
37 56 0.334884150619
37 57 1.10769372897
37 58 0.313043879926
37 59 0.177778005884
37 60 0.182278714894
37 61 1.20000153972
37 62 0.36923124299
37 63 0.276923432242
37 64 0.171428791388
37 65 0.334884150619
37 66 0.12521755197
37 67 0.300000384929
37 68 0.130909258878
37 69 0.141176651731
37 70 0.232258362526
37 71 0.182278714894
37 72 0.300000384929
37 73 0.142574440362
37 74 0.334884150619
37 75 0.378947854647
37 76 0.654546294391
37 77 0.293877928094
37 78 0.423529955194
37 79 3.60000461915
38 15 0.351219962844
38 16 0.378947854647
38 17 2.88000369532
38 18 0.208695919951
38 19 0.600000769859
38 20 1.44000184766
38 21 4.80000615887
38 22 0.244068109773
38 23 2.05714549666
38 24 0.514286374164
38 25 0.288000369532
38 26 1.60000205296
38 27 0.411429099332
38 28 0.847059910388
38 29 3.60000461915
38 30 0.411429099332
38 31 0.654546294391
38 32 0.553846864485
38 33 0.654546294391
38 34 0.221538745794
38 35 0.202817161642
38 36 0.389189688557
38 37 0.447337818324
38 39 0.400000513239
38 40 0.960001231774
38 41 0.400000513239
38 42 1.20000153972
38 43 0.240000307943
38 44 0.28130267317
38 45 0.389189688557
38 46 0.600000769859
38 47 2.05714549666
38 48 0.148453798728
38 49 0.576000739064
38 50 0.72000092383
38 51 1.30909258878
38 52 1.30909258878
38 53 1.60000205296
38 54 0.252631903098
38 55 2.05714549666
38 56 1.80000230958
38 57 0.514286374164
38 58 1.30909258878
38 59 0.313043879926
38 60 0.128571593541
38 61 0.320000410591
38 62 3.60000461915
38 63 0.169411982078
38 64 0.123077080997
38 65 1.80000230958
38 67 0.228571721851
38 70 0.214925648905
38 71 0.327273147196
38 72 1.10769372897
38 74 0.189473927324
38 75 0.202817161642
38 76 0.960001231774
38 77 1.02857274833
38 78 2.88000369532
38 79 0.389189688557
39 15 0.187013226969
39 16 0.26765750625
39 17 0.36923124299
39 18 0.36923124299
39 19 0.800001026478
39 20 0.514286374164
39 21 0.389189688557
39 22 0.271698461823
39 23 0.334884150619
39 24 1.02857274833
39 25 0.248276180631
39 26 0.320000410591
39 27 4.80000615887
39 28 0.626087759852
39 29 0.360000461915
39 30 4.80000615887
39 31 0.900001154788
39 32 1.20000153972
39 33 0.900001154788
39 34 0.334884150619
39 35 0.36923124299
39 36 2.88000369532
39 40 0.306383371843
39 41 3.60000461915
39 42 0.300000384929
39 43 0.313043879926
39 45 2.88000369532
39 46 1.20000153972
39 47 0.334884150619
39 48 0.221538745794
39 49 0.255772217025
39 50 0.244897578778
39 51 0.306383371843
39 52 0.306383371843
39 53 0.320000410591
39 54 0.282353303463
39 55 0.389189688557
39 56 0.327273147196
39 57 1.02857274833
39 58 0.306383371843
39 59 0.175609981422
39 60 0.180000230958
39 61 1.10769372897
39 62 0.360000461915
39 63 0.271698461823
39 64 0.169411982078
39 65 0.327273147196
39 66 0.124138090316
39 67 0.293877928094
39 68 0.129729896186
39 69 0.139806004627
39 70 0.228571721851
39 71 0.180000230958
39 72 0.293877928094
39 73 0.141176651731
39 74 0.327273147196
39 75 0.36923124299
39 76 0.626087759852
39 77 0.288000369532
39 78 0.411429099332
39 79 2.88000369532
40 19 0.36923124299
40 21 0.800001026478
40 22 0.149121396094
40 23 1.02857274833
40 24 0.334884150619
40 25 0.221538745794
40 26 1.44000184766
40 27 0.288000369532
40 28 0.190562784419
40 29 0.217964980439
40 30 0.170281935579
40 31 0.389189688557
40 32 0.351219962844
40 33 0.389189688557
40 34 0.180000230958
40 35 0.167442075309
40 36 0.300000384929
40 53 2.40000307943
40 55 0.800001026478
40 56 1.60000205296
40 57 0.36923124299
40 58 2.40000307943
40 59 0.351219962844
40 60 0.113385972257
40 61 0.240000307943
40 62 0.960001231774
40 63 0.144000184766
40 65 1.60000205296
40 67 0.184615621495
40 68 0.120875
40 69 0.120875
40 70 0.175609981422
40 71 0.306383371843
40 72 3.60000461915
40 74 0.158241961281
40 75 0.167442075309
40 76 0.480000615887
40 77 2.88000369532
40 78 0.900001154788
40 79 0.313043879926
41 15 0.187013226969
41 16 0.277991739627
41 17 0.411429099332
41 18 0.36923124299
41 19 0.800001026478
41 20 0.514286374164
41 21 0.389189688557
41 22 0.271698461823
41 23 0.36923124299
41 24 1.02857274833
41 25 0.248276180631
41 26 0.351219962844
41 27 4.80000615887
41 28 0.626087759852
41 29 0.378947854647
41 30 4.80000615887
41 31 0.900001154788
41 32 1.20000153972
41 33 0.900001154788
41 34 0.334884150619
41 35 0.36923124299
41 36 14.4000184766
41 39 3.60000461915
41 40 0.306383371843
41 42 0.327273147196
41 43 0.313043879926
41 45 14.4000184766
41 46 1.20000153972
41 47 0.36923124299
41 48 0.221538745794
41 49 0.255772217025
41 50 0.244897578778
41 51 0.334884150619
41 52 0.306383371843
41 53 0.351219962844
41 54 0.282353303463
41 55 0.436364196261
41 56 0.360000461915
41 57 1.44000184766
41 58 0.334884150619
41 59 0.175609981422
41 60 0.180000230958
41 61 1.10769372897
41 62 0.360000461915
41 63 0.271698461823
41 64 0.169411982078
41 65 0.327273147196
41 66 0.124138090316
41 67 0.293877928094
41 68 0.129729896186
41 69 0.139806004627
41 70 0.228571721851
41 71 0.180000230958
41 72 0.320000410591
41 73 0.141176651731
41 74 0.327273147196
41 75 0.36923124299
41 76 0.626087759852
41 77 0.313043879926
41 78 0.464516725052
41 79 14.4000184766
42 17 0.669473648756
42 18 0.259415562251
42 19 0.400000513239
42 20 0.654546294391
42 21 0.960001231774
42 22 0.202817161642
42 23 1.30909258878
42 24 0.360000461915
42 25 0.232258362526
42 26 2.05714549666
42 27 0.306383371843
42 28 0.496552361262
42 29 1.44000184766
42 30 0.306383371843
42 31 0.423529955194
42 32 0.378947854647
42 33 0.423529955194
42 34 0.187013226969
42 35 0.173494198513
42 36 0.320000410591
42 40 2.88000369532
42 48 0.132110261253
42 51 0.92846662422
42 52 2.88000369532
42 53 2.88000369532
42 54 0.208695919951
42 55 0.960001231774
42 56 1.80000230958
42 57 0.400000513239
42 58 4.80000615887
42 59 0.360000461915
42 60 0.116129181263
42 61 0.252631903098
42 62 1.20000153972
42 63 0.148453798728
42 64 0.111628050206
42 65 2.40000307943
42 67 0.192000246355
42 70 0.182278714894
42 71 0.327273147196
42 72 4.80000615887
42 74 0.163636573598
42 75 0.173494198513
42 76 0.533334017652
42 77 3.60000461915
42 78 1.10769372897
42 79 0.320000410591
43 15 0.464516725052
43 16 0.19251318675
43 17 0.228571721851
43 18 1.60000205296
43 19 0.342857582776
43 20 0.276923432242
43 21 0.236065876666
43 22 2.05714549666
43 23 0.214925648905
43 24 0.378947854647
43 25 1.20000153972
43 26 0.208695919951
43 27 0.320000410591
43 28 0.306383371843
43 29 0.225000288697
43 30 0.320000410591
43 31 0.360000461915
43 32 0.400000513239
43 33 0.360000461915
43 34 2.88000369532
43 35 1.30909258878
43 36 0.306383371843
43 39 0.313043879926
43 40 0.192000246355
43 41 0.313043879926
43 42 0.20000025662
43 45 0.306383371843
43 46 0.400000513239
43 47 0.214925648905
43 48 0.389189688557
43 49 0.210834309126
43 50 0.203389612358
43 51 0.202817161642
43 52 0.202817161642
43 53 0.208695919951
43 54 2.88000369532
43 55 0.236065876666
43 56 0.211764977597
43 57 0.378947854647
43 58 0.202817161642
43 59 0.400000513239
43 60 0.276923432242
43 61 0.261818517756
43 62 0.225000288697
43 63 0.576000739064
43 64 0.252631903098
43 65 0.211764977597
43 66 0.163636573598
43 67 4.80000615887
43 68 0.173494198513
43 69 0.192000246355
43 70 0.847059910388
43 71 0.423529955194
43 72 0.197260527077
43 73 0.194594844278
43 74 0.900001154788
43 75 1.30909258878
43 76 0.306383371843
43 77 0.194594844278
43 78 0.244068109773
43 79 0.306383371843
44 15 0.385574758929
44 16 0.334884150619
44 17 0.189473927324
44 18 2.40000307943
44 19 0.261818517756
44 20 0.221538745794
44 21 0.194594844278
44 22 0.72000092383
44 23 0.180000230958
44 24 0.282353303463
44 25 0.576000739064
44 26 0.175609981422
44 27 0.360000461915
44 28 0.240000307943
44 29 0.187013226969
44 30 0.360000461915
44 31 0.271698461823
44 32 0.293877928094
44 33 0.271698461823
44 34 1.44000184766
44 35 3.60000461915
44 36 0.342857582776
44 37 0.360000461915
44 39 0.401708993251
44 40 0.163636573598
44 41 0.401708993251
44 42 0.169411982078
44 43 0.659133535588
44 45 0.396182949858
44 46 0.3613837399
44 47 0.260177549782
44 48 0.600000769859
44 49 0.300000384929
44 50 0.271698461823
44 51 0.171428791388
44 52 0.171428791388
44 53 0.175609981422
44 54 0.800001026478
44 55 0.194594844278
44 56 0.177778005884
44 57 0.282353303463
44 58 0.171428791388
44 59 0.293877928094
44 60 0.320000410591
44 61 0.342857582776
44 62 0.187013226969
44 63 1.20000153972
44 64 0.327273147196
44 65 0.177778005884
44 66 0.192000246355
44 67 0.900001154788
44 68 0.205714549666
44 69 0.232258362526
44 70 0.480000615887
44 71 0.306383371843
44 72 0.167442075309
44 73 0.236065876666
44 74 4.80000615887
44 75 3.60000461915
44 76 0.240000307943
44 77 0.165517453754
44 78 0.20000025662
44 79 0.342857582776
44 80 0.116129181263
45 15 0.184615621495
45 16 0.275334083287
45 17 0.423529955194
45 18 0.360000461915
45 19 0.757895709295
45 20 0.496552361262
45 21 0.378947854647
45 22 0.266667008826
45 23 0.360000461915
45 24 0.960001231774
45 25 0.244068109773
45 26 0.342857582776
45 27 3.60000461915
45 28 0.600000769859
45 29 0.36923124299
45 30 3.60000461915
45 31 0.847059910388
45 32 1.10769372897
45 33 0.847059910388
45 34 0.327273147196
45 35 0.360000461915
45 36 7.2000092383
45 39 2.88000369532
45 40 0.313043879926
45 41 14.4000184766
45 42 0.320000410591
45 43 0.306383371843
45 46 1.10769372897
45 47 0.378947854647
45 48 0.21818209813
45 49 0.253520707641
45 50 0.242832680886
45 51 0.327273147196
45 52 0.300000384929
45 53 0.360000461915
45 54 0.276923432242
45 55 0.423529955194
45 56 0.36923124299
45 57 1.30909258878
45 58 0.327273147196
45 59 0.173494198513
45 60 0.177778005884
45 61 1.02857274833
45 62 0.351219962844
45 63 0.266667008826
45 64 0.167442075309
45 65 0.320000410591
45 66 0.123077080997
45 67 0.288000369532
45 68 0.128571593541
45 69 0.138461716121
45 70 0.225000288697
45 71 0.177778005884
45 72 0.313043879926
45 73 0.139806004627
45 74 0.320000410591
45 75 0.360000461915
45 76 0.600000769859
45 77 0.306383371843
45 78 0.450000577394
45 79 1.0
46 15 0.221538745794
46 16 0.249134548885
46 17 0.533334017652
46 18 0.320000410591
46 19 2.40000307943
46 20 0.900001154788
46 21 0.576000739064
46 22 0.351219962844
46 23 0.464516725052
46 24 3.60000461915
46 25 0.313043879926
46 26 0.436364196261
46 27 1.30909258878
46 28 1.30909258878
46 29 0.514286374164
46 30 1.30909258878
46 31 3.60000461915
46 32 7.2000092383
46 33 3.60000461915
46 34 0.351219962844
46 35 0.306383371843
46 36 1.10769372897
46 39 1.20000153972
46 40 0.36923124299
46 41 1.20000153972
46 42 0.400000513239
46 43 0.400000513239
46 45 1.10769372897
46 47 0.464516725052
46 48 0.197260527077
46 49 0.280701201965
46 50 0.272726761189
46 51 0.411429099332
46 52 0.411429099332
46 53 0.436364196261
46 54 0.36923124299
46 55 0.576000739064
46 56 0.450000577394
46 57 3.60000461915
46 58 0.411429099332
46 59 0.205714549666
46 60 0.163636573598
46 61 0.685715165553
46 62 0.514286374164
46 63 0.236065876666
46 64 0.154838908351
46 65 0.450000577394
46 66 0.116129181263
46 67 0.36923124299
46 68 0.121008558627
46 69 0.129729896186
46 70 0.282353303463
46 71 0.211764977597
46 72 0.389189688557
46 73 0.130909258878
46 74 0.276923432242
46 75 0.306383371843
46 76 1.30909258878
46 77 0.378947854647
46 78 0.626087759852
46 79 1.10769372897
47 15 0.360000461915
47 16 0.201963321077
47 17 2.40000307943
47 18 0.189473927324
47 19 0.464516725052
47 20 0.847059910388
47 21 1.44000184766
47 22 0.21818209813
47 23 2.40000307943
47 24 0.411429099332
47 25 0.252631903098
47 26 3.60000461915
47 27 0.342857582776
47 28 0.600000769859
47 29 2.88000369532
47 30 0.342857582776
47 31 0.496552361262
47 32 0.436364196261
47 33 0.496552361262
47 34 0.20000025662
47 35 0.184615621495
47 36 0.360000461915
47 39 0.334884150619
47 40 1.80000230958
47 41 0.36923124299
47 42 2.05714549666
47 43 0.214925648905
47 45 0.378947854647
47 46 0.464516725052
47 48 0.138461716121
47 49 0.215568600654
47 50 0.223949939749
47 51 2.40000307943
47 52 1.44000184766
47 53 7.2000092383
47 54 0.225000288697
47 55 1.44000184766
47 56 14.4000184766
47 57 0.464516725052
47 58 2.40000307943
47 59 0.320000410591
47 60 0.121008558627
47 61 0.276923432242
47 62 2.05714549666
47 63 0.156521939963
47 64 0.116129181263
47 65 2.05714549666
47 67 0.205714549666
47 70 0.194594844278
47 71 0.334884150619
47 72 1.80000230958
47 74 0.173494198513
47 75 0.184615621495
47 76 0.654546294391
47 77 1.60000205296
47 78 1.80000230958
47 79 0.378947854647
48 19 0.182278714894
48 20 0.239500186365
48 21 0.146938964047
48 22 0.327273147196
48 23 0.138461716121
48 24 0.192000246355
48 25 0.293877928094
48 26 0.135849230911
48 27 0.225000288697
48 28 0.171428791388
48 29 0.142574440362
48 30 0.225000288697
48 31 0.187013226969
48 32 0.197260527077
48 33 0.187013226969
48 34 0.423529955194
48 35 0.514286374164
48 36 0.21818209813
48 40 0.128571593541
48 53 0.135849230911
48 54 0.342857582776
48 55 0.146938964047
48 56 0.137143033111
48 57 0.192000246355
48 58 0.133333504413
48 59 0.197260527077
48 60 0.389189688557
48 61 0.276923432242
48 62 0.142574440362
48 63 1.02857274833
48 64 0.480000615887
48 65 0.137143033111
48 66 0.252631903098
48 67 0.360000461915
48 68 0.232258362526
48 69 0.300000384929
48 70 0.450000577394
48 71 0.221538745794
48 72 0.130909258878
48 73 0.36923124299
48 74 0.685715165553
48 75 0.514286374164
48 76 0.171428791388
48 77 0.129729896186
48 78 0.150000192465
48 79 0.21818209813
48 80 0.141176651731
49 16 1.10769372897
49 17 0.514286374164
49 18 0.327273147196
49 19 2.05714549666
49 20 0.847059910388
49 21 0.553846864485
49 22 0.342857582776
49 23 0.450000577394
49 24 4.80000615887
49 25 0.306383371843
49 26 0.423529955194
49 27 1.44000184766
49 28 1.20000153972
49 29 0.496552361262
49 30 1.44000184766
49 31 2.88000369532
49 32 14.4000184766
49 33 2.88000369532
49 34 0.360000461915
49 35 0.313043879926
49 36 1.20000153972
49 40 0.360000461915
49 42 0.352093098178
49 48 0.20000025662
49 50 2.88000369532
49 51 0.400000513239
49 52 0.400000513239
49 53 0.423529955194
49 54 0.360000461915
49 55 0.553846864485
49 56 0.436364196261
49 57 4.80000615887
49 58 0.400000513239
49 59 0.202817161642
49 60 0.165517453754
49 61 0.72000092383
49 62 0.496552361262
49 63 0.240000307943
49 64 0.156521939963
49 65 0.436364196261
49 66 0.117073320948
49 67 0.378947854647
49 68 0.122034054886
49 69 0.130909258878
49 70 0.276923432242
49 71 0.208695919951
49 72 0.378947854647
49 73 0.132110261253
49 74 0.282353303463
49 75 0.313043879926
49 76 1.20000153972
49 77 0.36923124299
49 78 0.600000769859
49 79 1.20000153972
50 16 0.800001026478
50 17 0.626087759852
50 18 0.293877928094
50 19 3.60000461915
50 20 1.20000153972
50 21 0.685715165553
50 22 0.36923124299
50 23 0.533334017652
50 24 1.80000230958
50 25 0.342857582776
50 26 0.496552361262
50 27 0.960001231774
50 28 2.05714549666
50 29 0.600000769859
50 30 0.960001231774
50 31 7.2000092383
50 32 2.40000307943
50 33 7.2000092383
50 34 0.320000410591
50 35 0.282353303463
50 36 0.847059910388
50 40 0.411429099332
50 42 0.375016824975
50 48 0.187013226969
50 49 2.88000369532
50 51 0.464516725052
50 52 0.464516725052
50 53 0.496552361262
50 54 0.389189688557
50 55 0.685715165553
50 56 0.514286374164
50 57 1.80000230958
50 58 0.464516725052
50 59 0.21818209813
50 60 0.156521939963
50 61 0.576000739064
50 62 0.600000769859
50 63 0.221538745794
50 64 0.148453798728
50 65 0.514286374164
50 66 0.112500144348
50 67 0.334884150619
50 68 0.117073320948
50 69 0.12521755197
50 70 0.306383371843
50 71 0.225000288697
50 72 0.436364196261
50 73 0.126315951549
50 74 0.257143187082
50 75 0.282353303463
50 76 2.05714549666
50 77 0.423529955194
50 78 0.757895709295
50 79 0.847059910388
51 17 1.20000153972
51 18 0.180000230958
51 19 0.411429099332
51 20 0.685715165553
51 21 1.02857274833
51 22 0.205714549666
51 23 1.44000184766
51 24 0.36923124299
51 25 0.236065876666
51 26 2.40000307943
51 27 0.313043879926
51 28 0.514286374164
51 29 1.60000205296
51 30 0.313043879926
51 31 0.436364196261
51 32 0.389189688557
51 33 0.436364196261
51 34 0.189473927324
51 35 0.175609981422
51 36 0.327273147196
51 40 3.60000461915
51 48 0.133333504413
51 52 0.310657686257
51 53 3.60000461915
51 54 0.211764977597
51 55 1.02857274833
51 56 2.05714549666
51 57 0.411429099332
51 58 7.2000092383
51 59 0.36923124299
51 60 0.117073320948
51 61 0.257143187082
51 62 1.30909258878
51 63 0.150000192465
51 64 0.112500144348
51 65 2.88000369532
51 67 0.194594844278
51 70 0.184615621495
51 71 0.334884150619
51 72 7.2000092383
51 74 0.165517453754
51 75 0.175609981422
51 76 0.553846864485
51 77 4.80000615887
51 78 1.20000153972
51 79 0.327273147196
52 19 0.411429099332
52 20 0.685715165553
52 21 1.02857274833
52 22 0.205714549666
52 23 1.02857274833
52 24 0.36923124299
52 25 0.236065876666
52 26 1.44000184766
52 27 0.313043879926
52 28 0.514286374164
52 29 1.30909258878
52 30 0.313043879926
52 31 0.436364196261
52 32 0.389189688557
52 33 0.436364196261
52 34 0.189473927324
52 35 0.175609981422
52 36 0.300000384929
52 40 2.40000307943
52 48 0.229004941605
52 53 1.80000230958
52 54 0.335814905797
52 55 0.800001026478
52 56 1.30909258878
52 57 0.36923124299
52 58 2.40000307943
52 59 0.389189688557
52 60 0.117073320948
52 61 0.257143187082
52 62 1.30909258878
52 63 0.150000192465
52 64 0.112500144348
52 65 2.88000369532
52 67 0.194594844278
52 70 0.184615621495
52 71 0.334884150619
52 72 3.60000461915
52 74 0.165517453754
52 75 0.175609981422
52 76 0.553846864485
52 77 2.88000369532
52 78 0.900001154788
52 79 0.300000384929
53 19 0.436364196261
53 21 1.20000153972
53 22 0.153902677916
53 23 1.80000230958
53 24 0.389189688557
53 25 0.244068109773
53 26 3.60000461915
53 27 0.327273147196
53 28 0.198440997005
53 29 0.228333445245
53 30 0.17654493013
53 31 0.464516725052
53 32 0.411429099332
53 33 0.464516725052
53 34 0.194594844278
53 35 0.180000230958
53 36 0.342857582776
53 40 2.40000307943
53 55 1.20000153972
53 56 4.80000615887
53 57 0.436364196261
53 58 3.60000461915
53 59 0.334884150619
53 60 0.119008417162
53 61 0.266667008826
53 62 1.60000205296
53 63 0.153191685921
53 64 0.114285860925
53 65 2.88000369532
53 67 0.20000025662
53 68 0.120875
53 69 0.120875
53 70 0.189473927324
53 71 0.351219962844
53 72 2.40000307943
53 74 0.169411982078
53 75 0.180000230958
53 76 0.600000769859
53 77 2.05714549666
53 78 1.44000184766
53 79 0.360000461915
54 19 0.36923124299
54 20 0.358876359588
54 21 0.248276180631
54 22 3.60000461915
54 23 0.225000288697
54 24 0.334884150619
54 25 1.60000205296
54 26 0.21818209813
54 27 0.288000369532
54 28 0.327273147196
54 29 0.236065876666
54 30 0.288000369532
54 31 0.389189688557
54 32 0.351219962844
54 33 0.389189688557
54 34 1.44000184766
54 35 0.900001154788
54 36 0.276923432242
54 40 0.20000025662
54 48 0.342857582776
54 53 0.21818209813
54 55 0.257143187082
54 56 0.228571721851
54 57 0.351219962844
54 58 0.21818209813
54 59 0.464516725052
54 60 0.261818517756
54 61 0.240000307943
54 62 0.236065876666
54 63 0.480000615887
54 64 0.232258362526
54 65 0.221538745794
54 66 0.154838908351
54 67 1.80000230958
54 68 0.163636573598
54 69 0.180000230958
54 70 1.02857274833
54 71 0.464516725052
54 72 0.205714549666
54 73 0.182278714894
54 74 0.685715165553
54 75 0.900001154788
54 76 0.327273147196
54 77 0.202817161642
54 78 0.257143187082
54 79 0.276923432242
55 35 0.196520624444
55 36 0.265316616417
55 72 0.900001154788
55 75 0.20000025662
55 76 0.900001154788
55 77 0.847059910388
55 78 0.376226686998
55 79 0.423529955194
55 23 1.44000184766
55 56 1.60000205296
55 57 0.626087759852
55 58 1.20000153972
55 59 0.229391538364
55 60 0.129729896186
56 35 0.187561672103
56 36 0.249243736557
56 72 1.60000205296
56 23 2.05714549666
56 76 0.626087759852
56 77 1.44000184766
56 78 0.344705483857
56 79 0.36923124299
56 75 0.182278714894
56 55 1.60000205296
56 57 0.480000615887
56 58 2.88000369532
56 59 0.242936413459
56 60 0.122034054886
57 72 0.389189688557
57 58 0.436364196261
57 60 0.163636573598
57 77 0.378947854647
57 79 1.30909258878
58 72 3.60000461915
58 57 0.436364196261
58 60 0.119008417162
58 77 2.88000369532
58 79 0.327273147196
59 35 0.306383371843
59 36 0.173494198513
59 72 0.29054604134
59 77 0.287644174363
59 78 0.282353303463
59 79 0.201224607924
59 80 0.239506
59 57 0.217977608921
59 58 0.29054604134
59 60 0.19709335968
60 72 0.115200147813
60 77 0.114285860925
60 79 0.177778005884
60 80 0.165517453754
60 57 0.163636573598
60 58 0.119008417162
61 19 0.533334017652
61 21 0.313043879926
61 22 0.159000720688
61 23 0.276923432242
61 24 0.626087759852
61 25 0.214925648905
61 26 0.266667008826
61 27 1.20000153972
61 28 0.190562784419
61 29 0.171294725858
61 30 0.219627166888
61 31 0.576000739064
61 32 0.685715165553
61 33 0.576000739064
61 34 0.276923432242
61 35 0.313043879926
61 36 1.02857274833
61 40 0.240000307943
61 53 0.266667008826
61 55 0.313043879926
61 56 0.271698461823
61 57 0.626087759852
61 58 0.257143187082
61 59 0.158241961281
61 60 0.165517453754
61 62 0.293877928094
61 63 0.266667008826
61 64 0.180000230958
61 65 0.271698461823
61 66 0.139806004627
61 67 0.248276180631
61 68 0.124604558825
61 69 0.132638694494
61 70 0.20000025662
61 71 0.161797960411
61 72 0.248276180631
61 73 0.161797960411
61 74 0.36923124299
61 75 0.313043879926
61 76 0.450000577394
61 77 0.244068109773
61 78 0.327273147196
61 79 1.02857274833
62 21 2.05714549666
62 23 0.100484404084
62 24 0.450000577394
62 25 0.266667008826
62 26 1.60000205296
62 27 0.36923124299
62 31 0.553846864485
62 32 0.480000615887
62 33 0.553846864485
62 34 0.208695919951
62 35 0.192000246355
62 36 0.351219962844
62 55 0.0991013311084
62 56 0.100135029229
62 57 0.450000577394
62 58 1.30909258878
62 59 0.313043879926
62 60 0.124138090316
62 63 0.161797960411
62 64 0.119008417162
62 65 1.80000230958
62 67 0.214925648905
62 70 0.202817161642
62 71 0.327273147196
62 72 1.10769372897
62 74 0.180000230958
62 75 0.0812156277893
62 76 0.0964463452931
62 77 1.02857274833
62 78 1.60000205296
62 79 0.351219962844
63 21 0.167442075309
63 23 0.0775002858788
63 24 0.228571721851
63 25 0.389189688557
63 26 0.153191685921
63 27 0.276923432242
63 31 0.221538745794
63 32 0.236065876666
63 33 0.221538745794
63 34 0.654546294391
63 35 0.900001154788
63 36 0.266667008826
63 55 0.0787721306308
63 56 0.0772922939624
63 57 0.228571721851
63 58 0.150000192465
63 59 0.236065876666
63 60 0.411429099332
63 62 0.161797960411
63 64 0.450000577394
63 65 0.158241961281
63 66 0.228571721851
63 67 0.514286374164
63 70 0.72000092383
63 71 0.271698461823
63 72 0.146938964047
63 73 0.282353303463
63 74 0.960001231774
63 75 0.0974251250003
63 76 0.0819085702286
63 77 0.145454732087
63 78 0.171428791388
63 79 0.266667008826
63 80 0.126315951549
64 21 0.122034054886
64 23 0.0713557483248
64 24 0.151579141859
64 25 0.208695919951
64 26 0.114285860925
64 27 0.171428791388
64 31 0.148453798728
64 32 0.154838908351
64 33 0.148453798728
64 34 0.266667008826
64 35 0.300000384929
64 36 0.167442075309
64 55 0.0724325128086
64 56 0.0711793923425
64 57 0.151579141859
64 58 0.112500144348
64 59 0.154838908351
64 60 1.60000205296
64 62 0.119008417162
64 63 0.450000577394
64 65 0.117073320948
64 66 0.173494198513
64 67 0.240000307943
64 70 0.276923432242
64 71 0.169411982078
64 73 0.351219962844
64 74 0.351219962844
64 75 0.0879089781194
64 76 0.0750759524165
64 78 0.124138090316
64 79 0.167442075309
64 80 0.175609981422
65 21 1.30909258878
65 23 0.0991013311084
65 24 0.400000513239
65 25 0.248276180631
65 26 2.05714549666
65 27 0.334884150619
65 31 0.480000615887
65 32 0.423529955194
65 33 0.480000615887
65 34 0.197260527077
65 35 0.182278714894
65 36 0.320000410591
65 55 0.0977558145918
65 56 0.100135029229
65 57 0.400000513239
65 58 2.88000369532
65 59 0.360000461915
65 60 0.120000153972
65 62 1.80000230958
65 63 0.158241961281
65 64 0.117073320948
65 67 0.202817161642
65 70 0.192000246355
65 71 0.360000461915
65 72 2.05714549666
65 74 0.171428791388
65 75 0.0803097392446
65 76 0.0951714937691
65 77 1.80000230958
65 78 1.10769372897
65 79 0.320000410591
66 23 0.0515
66 24 0.114285860925
66 25 0.144000184766
66 27 0.12521755197
66 31 0.112500144348
66 32 0.116129181263
66 33 0.112500144348
66 34 0.169411982078
66 35 0.182278714894
66 36 0.123077080997
66 55 0.0515
66 56 0.0515
66 57 0.114285860925
66 59 0.116129181263
66 60 0.156521939963
66 63 0.228571721851
66 64 0.173494198513
66 67 0.158241961281
66 70 0.173494198513
66 71 0.124138090316
66 73 0.327273147196
66 74 0.20000025662
66 75 0.0803097392446
66 76 0.0515
66 79 0.123077080997
66 80 0.177778005884
67 21 0.225000288697
67 23 0.0823771386304
67 24 0.351219962844
67 25 0.960001231774
67 26 0.20000025662
67 27 0.300000384929
67 31 0.334884150619
67 32 0.36923124299
67 33 0.334884150619
67 34 1.80000230958
67 35 1.02857274833
67 36 0.288000369532
67 55 0.0838155715678
67 56 0.0821421862144
67 57 0.351219962844
67 58 0.194594844278
67 59 0.36923124299
67 60 0.261818517756
67 62 0.214925648905
67 63 0.514286374164
67 64 0.240000307943
67 65 0.202817161642
67 66 0.158241961281
67 70 0.72000092383
67 71 0.389189688557
67 72 0.189473927324
67 73 0.187013226969
67 74 0.757895709295
67 75 0.0980887567451
67 76 0.0873755692893
67 77 0.187013226969
67 78 0.232258362526
67 79 0.288000369532
68 21 0.163427
68 22 0.160000205296
68 24 0.137724856089
68 25 0.157280262984
68 26 0.163427
68 27 0.145371878628
68 30 0.130909258878
68 31 0.136420105032
68 32 0.13905480599
68 33 0.136420105032
68 34 0.171313717102
68 35 0.194594844278
68 36 0.128571593541
68 57 0.119008417162
68 59 0.121008558627
68 60 0.436364196261
68 62 0.163427
68 63 0.194446580853
68 64 0.235847720604
68 65 0.163427
68 66 0.140410691855
68 67 0.165410176312
68 69 1.02857274833
68 70 0.173376335602
68 71 0.144641780697
68 73 0.17875692248
68 74 0.17875692248
68 75 0.194594844278
68 79 0.128571593541
68 80 0.266667008826
69 21 0.163427
69 22 0.175609981422
69 24 0.143203366574
69 25 0.164465584423
69 26 0.163427
69 27 0.151489166537
69 28 0.118032938333
69 30 0.141176651731
69 31 0.141793279839
69 32 0.144641780697
69 33 0.141793279839
69 34 0.179873365815
69 35 0.21818209813
69 36 0.138461716121
69 57 0.127433791828
69 59 0.129729896186
69 60 0.576000739064
69 62 0.163427
69 63 0.205548864937
69 64 0.26638866127
69 65 0.163427
69 66 0.150696497872
69 67 0.173376335602
69 68 1.02857274833
69 70 0.182148618809
69 71 0.150696497872
69 73 0.195768332033
69 74 0.195768332033
69 75 0.21818209813
69 76 0.118032938333
69 79 0.138461716121
69 80 0.232258362526
70 21 0.211764977597
70 23 0.0814453021941
70 24 0.261818517756
70 25 0.757895709295
70 26 0.189473927324
70 27 0.232258362526
70 31 0.293877928094
70 32 0.271698461823
70 33 0.293877928094
70 34 0.654546294391
70 35 0.514286374164
70 36 0.225000288697
70 55 0.0828510988874
70 56 0.0812156277893
70 57 0.261818517756
70 58 0.184615621495
70 59 0.334884150619
70 60 0.306383371843
70 62 0.202817161642
70 63 0.72000092383
70 64 0.276923432242
70 65 0.192000246355
70 66 0.173494198513
70 67 0.72000092383
70 71 0.411429099332
70 72 0.180000230958
70 73 0.208695919951
70 74 0.436364196261
70 75 0.0936245532904
70 76 0.0863279383064
70 77 0.177778005884
70 78 0.21818209813
70 79 0.225000288697
71 21 0.306383371843
71 23 0.0881781322706
71 24 0.20000025662
71 25 0.600000769859
71 26 0.334884150619
71 27 0.182278714894
71 31 0.21818209813
71 32 0.205714549666
71 33 0.21818209813
71 34 0.36923124299
71 35 0.320000410591
71 36 0.177778005884
71 55 0.0871112849716
71 56 0.0889955753483
71 57 0.20000025662
71 58 0.334884150619
71 59 1.80000230958
71 60 0.180000230958
71 62 0.327273147196
71 63 0.271698461823
71 64 0.169411982078
71 65 0.360000461915
71 66 0.124138090316
71 67 0.389189688557
71 70 0.411429099332
71 72 0.320000410591
71 73 0.141176651731
71 74 0.288000369532
71 75 0.0887214155119
71 76 0.0850532059292
71 77 0.313043879926
71 78 0.293877928094
71 79 0.177778005884
72 57 0.389189688557
72 58 3.60000461915
72 60 0.115200147813
72 77 4.80000615887
72 79 0.313043879926
73 23 0.0515
73 24 0.128571593541
73 25 0.167442075309
73 27 0.142574440362
73 31 0.126315951549
73 32 0.130909258878
73 33 0.126315951549
73 34 0.202817161642
73 35 0.221538745794
73 36 0.139806004627
73 55 0.0515
73 56 0.0515
73 57 0.128571593541
73 59 0.130909258878
73 60 0.300000384929
73 63 0.282353303463
73 64 0.351219962844
73 66 0.327273147196
73 67 0.187013226969
73 70 0.208695919951
73 71 0.141176651731
73 74 0.248276180631
73 75 0.0835723543573
73 76 0.0718900988685
73 79 0.139806004627
73 80 0.228571721851
74 21 0.187013226969
74 23 0.0794238365475
74 24 0.266667008826
74 25 0.514286374164
74 26 0.169411982078
74 27 0.334884150619
74 31 0.257143187082
74 32 0.276923432242
74 33 0.257143187082
74 34 1.10769372897
74 35 2.05714549666
74 36 0.320000410591
74 55 0.0807601432532
74 56 0.0792054063678
74 57 0.266667008826
74 58 0.165517453754
74 59 0.276923432242
74 60 0.300000384929
74 62 0.180000230958
74 63 0.960001231774
74 64 0.351219962844
74 65 0.171428791388
74 66 0.20000025662
74 67 0.757895709295
74 70 0.436364196261
74 71 0.288000369532
74 72 0.161797960411
74 73 0.248276180631
74 75 0.100484404084
74 76 0.0840602085604
74 77 0.160000205296
74 78 0.192000246355
74 79 0.320000410591
74 80 0.119008417162
75 35 0.376226686998
75 36 0.251419593449
75 72 0.171428791388
75 23 0.184615621495
75 76 0.257143187082
75 77 0.169411982078
75 78 0.199239698029
75 79 0.360000461915
75 80 0.112500144348
75 55 0.20000025662
75 56 0.182278714894
75 57 0.293877928094
75 58 0.175609981422
75 59 0.23694043577
75 60 0.334884150619
76 35 0.217277283353
76 36 0.292238731693
76 72 0.514286374164
76 23 0.654546294391
76 77 0.496552361262
76 78 0.325241526576
76 79 0.600000769859
76 75 0.257143187082
76 55 0.900001154788
76 56 0.626087759852
76 57 0.960001231774
76 58 0.553846864485
76 59 0.212468479724
76 60 0.145454732087
77 72 4.80000615887
77 57 0.378947854647
77 58 2.88000369532
77 60 0.114285860925
77 79 0.306383371843
78 35 0.205714549666
78 36 0.450000577394
78 72 0.388539505115
78 77 0.383367517805
78 79 0.312623089679
78 80 0.239506
78 57 0.346471478807
78 58 0.39931373868
78 59 0.282353303463
78 60 0.168299392539
79 72 0.313043879926
79 57 1.30909258878
79 58 0.327273147196
79 60 0.177778005884
79 77 0.306383371843
80 60 0.165517453754
